# onion skin A3d strip probe
# comp	1920	1080
ms	pw	ph	x0	x1	y0	y1	span_w	span_h	zoom_x	zoom_y	axis_diff_pct	cost_ms	status	win_ok	wx0	wy0	dx	dy	win_cost_ms
0.1	1592	734	151	1440	4	728	1290	725	0.671875	0.671296	0.086	20.9069	ok	0	0	0	-9999	-9999	0.0000
44.5	1592	734	151	1440	4	728	1290	725	0.671875	0.671296	0.086	22.3294	ok	0	0	0	-9999	-9999	0.0000
91.8	1592	734	151	1440	4	728	1290	725	0.671875	0.671296	0.086	25.1956	ok	0	0	0	-9999	-9999	0.0000
139.1	1592	734	151	1440	4	728	1290	725	0.671875	0.671296	0.086	11.8610	ok	0	0	0	-9999	-9999	0.0000
169.8	1592	734	151	1440	4	728	1290	725	0.671875	0.671296	0.086	13.6878	ok	0	0	0	-9999	-9999	0.0000
200.9	1592	734	151	1440	4	728	1290	725	0.671875	0.671296	0.086	15.5754	ok	0	0	0	-9999	-9999	0.0000
233.0	1592	734	151	1440	4	728	1290	725	0.671875	0.671296	0.086	17.1182	ok	0	0	0	-9999	-9999	0.0000
279.7	1592	734	151	1440	4	728	1290	725	0.671875	0.671296	0.086	20.4288	ok	0	0	0	-9999	-9999	0.0000
326.7	1592	734	151	1440	4	728	1290	725	0.671875	0.671296	0.086	23.1735	ok	0	0	0	-9999	-9999	0.0000
372.9	1592	734	151	1440	4	728	1290	725	0.671875	0.671296	0.086	27.3532	ok	0	0	0	-9999	-9999	0.0000
420.0	1592	734	151	1440	4	728	1290	725	0.671875	0.671296	0.086	13.2495	ok	0	0	0	-9999	-9999	0.0000
451.2	1592	734	151	1440	4	728	1290	725	0.671875	0.671296	0.086	15.2468	ok	0	0	0	-9999	-9999	0.0000
482.9	1592	734	151	1440	4	728	1290	725	0.671875	0.671296	0.086	17.1787	ok	0	0	0	-9999	-9999	0.0000
528.4	1592	734	151	1440	4	728	1290	725	0.671875	0.671296	0.086	21.5433	ok	0	0	0	-9999	-9999	0.0000
575.8	1592	734	151	1440	4	728	1290	725	0.671875	0.671296	0.086	24.0025	ok	0	0	0	-9999	-9999	0.0000
622.8	1592	734	151	1440	4	728	1290	725	0.671875	0.671296	0.086	28.3122	ok	0	0	0	-9999	-9999	0.0000
669.9	1592	734	151	1440	4	728	1290	725	0.671875	0.671296	0.086	13.2619	ok	0	0	0	-9999	-9999	0.0000
700.9	1592	734	151	1440	4	728	1290	725	0.671875	0.671296	0.086	15.9000	ok	0	0	0	-9999	-9999	0.0000
733.0	1592	734	151	1440	4	728	1290	725	0.671875	0.671296	0.086	17.1135	ok	0	0	0	-9999	-9999	0.0000
781.3	1592	734	151	1440	4	728	1290	725	0.671875	0.671296	0.086	18.9824	ok	0	0	0	-9999	-9999	0.0000
828.3	1592	734	151	1440	4	728	1290	725	0.671875	0.671296	0.086	21.6639	ok	0	0	0	-9999	-9999	0.0000
873.2	1592	734	151	1440	4	728	1290	725	0.671875	0.671296	0.086	26.9114	ok	0	0	0	-9999	-9999	0.0000
919.2	1592	734	151	1440	4	728	1290	725	0.671875	0.671296	0.086	14.1819	ok	0	0	0	-9999	-9999	0.0000
950.2	1592	734	151	1440	4	728	1290	725	0.671875	0.671296	0.086	17.0225	ok	0	0	0	-9999	-9999	0.0000
997.1	1592	734	151	1440	4	728	1290	725	0.671875	0.671296	0.086	19.4141	ok	0	0	0	-9999	-9999	0.0000
1043.7	1592	734	151	1440	4	728	1290	725	0.671875	0.671296	0.086	24.0949	ok	0	0	0	-9999	-9999	0.0000
1089.9	1592	734	151	1440	4	728	1290	725	0.671875	0.671296	0.086	27.6051	ok	0	0	0	-9999	-9999	0.0000
1137.2	1592	734	151	1440	4	728	1290	725	0.671875	0.671296	0.086	12.5713	ok	0	0	0	-9999	-9999	0.0000
1169.8	1592	734	151	1440	4	728	1290	725	0.671875	0.671296	0.086	14.8303	ok	0	0	0	-9999	-9999	0.0000
1201.6	1592	734	151	1440	4	728	1290	725	0.671875	0.671296	0.086	16.2321	ok	0	0	0	-9999	-9999	0.0000
1234.1	1592	734	151	1440	4	728	1290	725	0.671875	0.671296	0.086	15.5615	ok	0	0	0	-9999	-9999	0.0000
1266.2	1592	734	151	1440	4	728	1290	725	0.671875	0.671296	0.086	17.1280	ok	0	0	0	-9999	-9999	0.0000
1314.3	1592	734	151	1440	4	728	1290	725	0.671875	0.671296	0.086	19.1026	ok	0	0	0	-9999	-9999	0.0000
1360.8	1592	734	151	1440	4	728	1290	725	0.671875	0.671296	0.086	22.6018	ok	0	0	0	-9999	-9999	0.0000
1407.2	1592	734	151	1440	4	728	1290	725	0.671875	0.671296	0.086	25.8159	ok	0	0	0	-9999	-9999	0.0000
1454.7	1592	734	151	1440	4	728	1290	725	0.671875	0.671296	0.086	11.5449	ok	0	0	0	-9999	-9999	0.0000
1486.1	1592	734	151	1440	4	728	1290	725	0.671875	0.671296	0.086	13.7688	ok	0	0	0	-9999	-9999	0.0000
1517.3	1592	734	151	1440	4	728	1290	725	0.671875	0.671296	0.086	15.8494	ok	0	0	0	-9999	-9999	0.0000
1563.8	1592	734	151	1440	4	728	1290	725	0.671875	0.671296	0.086	19.6457	ok	0	0	0	-9999	-9999	0.0000
1611.0	1592	734	151	1440	4	728	1290	725	0.671875	0.671296	0.086	22.6201	ok	0	0	0	-9999	-9999	0.0000
1659.1	1592	734	151	1440	4	728	1290	725	0.671875	0.671296	0.086	25.2758	ok	0	0	0	-9999	-9999	0.0000
1705.8	1592	734	151	1440	4	728	1290	725	0.671875	0.671296	0.086	10.6752	ok	0	0	0	-9999	-9999	0.0000
1737.0	1592	734	151	1440	4	728	1290	725	0.671875	0.671296	0.086	12.6700	ok	0	0	0	-9999	-9999	0.0000
1767.9	1592	734	151	1440	4	728	1290	725	0.671875	0.671296	0.086	20.5466	ok	0	0	0	-9999	-9999	0.0000
1815.5	1592	734	151	1440	4	728	1290	725	0.671875	0.671296	0.086	25.0314	ok	0	0	0	-9999	-9999	0.0000
1862.0	1592	734	151	1440	4	728	1290	725	0.671875	0.671296	0.086	33.0608	ok	0	0	0	-9999	-9999	0.0000
1925.8	1592	734	151	1440	4	728	1290	725	0.671875	0.671296	0.086	29.3860	ok	0	0	0	-9999	-9999	0.0000
1972.0	1592	734	151	1440	4	728	1290	725	0.671875	0.671296	0.086	11.0202	ok	0	0	0	-9999	-9999	0.0000
2003.4	1592	734	151	1440	4	728	1290	725	0.671875	0.671296	0.086	13.0115	ok	0	0	0	-9999	-9999	0.0000
2035.4	1592	734	151	1440	4	728	1290	725	0.671875	0.671296	0.086	14.4176	ok	0	0	0	-9999	-9999	0.0000
2066.9	1592	734	151	1440	4	728	1290	725	0.671875	0.671296	0.086	17.4368	ok	0	0	0	-9999	-9999	0.0000
2113.2	1592	734	151	1440	4	728	1290	725	0.671875	0.671296	0.086	20.1454	ok	0	0	0	-9999	-9999	0.0000
2161.2	1592	734	151	1440	4	728	1290	725	0.671875	0.671296	0.086	23.6129	ok	0	0	0	-9999	-9999	0.0000
2208.2	1592	734	151	1440	4	728	1290	725	0.671875	0.671296	0.086	24.9192	ok	0	0	0	-9999	-9999	0.0000
2254.5	1592	734	151	1440	4	728	1290	725	0.671875	0.671296	0.086	11.8102	ok	0	0	0	-9999	-9999	0.0000
2285.4	1592	734	151	1440	4	728	1290	725	0.671875	0.671296	0.086	14.3926	ok	0	0	0	-9999	-9999	0.0000
2317.9	1592	734	151	1440	4	728	1290	725	0.671875	0.671296	0.086	15.4630	ok	0	0	0	-9999	-9999	0.0000
2364.5	1592	734	151	1440	4	728	1290	725	0.671875	0.671296	0.086	19.1529	ok	0	0	0	-9999	-9999	0.0000
2412.0	1592	734	151	1440	4	728	1290	725	0.671875	0.671296	0.086	21.3650	ok	0	0	0	-9999	-9999	0.0000
2458.6	1592	734	151	1440	4	728	1290	725	0.671875	0.671296	0.086	24.6312	ok	0	0	0	-9999	-9999	0.0000
2504.9	1592	734	151	1440	4	728	1290	725	0.671875	0.671296	0.086	11.6806	ok	0	0	0	-9999	-9999	0.0000
2536.7	1592	734	151	1440	4	728	1290	725	0.671875	0.671296	0.086	13.5877	ok	0	0	0	-9999	-9999	0.0000
2568.8	1592	734	151	1440	4	728	1290	725	0.671875	0.671296	0.086	14.4358	ok	0	0	0	-9999	-9999	0.0000
2600.1	1592	734	151	1440	4	728	1290	725	0.671875	0.671296	0.086	16.8142	ok	0	0	0	-9999	-9999	0.0000
2647.3	1592	734	151	1440	4	728	1290	725	0.671875	0.671296	0.086	20.9973	ok	0	0	0	-9999	-9999	0.0000
2694.3	1592	734	151	1440	4	728	1290	725	0.671875	0.671296	0.086	22.3399	ok	0	0	0	-9999	-9999	0.0000
2741.5	1592	734	151	1440	4	728	1290	725	0.671875	0.671296	0.086	25.0300	ok	0	0	0	-9999	-9999	0.0000
2788.3	1592	734	151	1440	4	728	1290	725	0.671875	0.671296	0.086	12.3271	ok	0	0	0	-9999	-9999	0.0000
2820.4	1592	734	151	1440	4	728	1290	725	0.671875	0.671296	0.086	12.6203	ok	0	0	0	-9999	-9999	0.0000
2852.4	1592	734	151	1440	4	728	1290	725	0.671875	0.671296	0.086	13.9870	ok	0	0	0	-9999	-9999	0.0000
2884.4	1592	734	151	1440	4	728	1290	725	0.671875	0.671296	0.086	16.4585	ok	0	0	0	-9999	-9999	0.0000
2930.3	1592	734	151	1440	4	728	1290	725	0.671875	0.671296	0.086	20.5751	ok	0	0	0	-9999	-9999	0.0000
2977.4	1592	734	151	1440	4	728	1290	725	0.671875	0.671296	0.086	23.7888	ok	0	0	0	-9999	-9999	0.0000
3024.4	1592	734	151	1440	4	728	1290	725	0.671875	0.671296	0.086	27.1387	ok	0	0	0	-9999	-9999	0.0000
3071.3	1592	734	151	1440	4	728	1290	725	0.671875	0.671296	0.086	12.5258	ok	0	0	0	-9999	-9999	0.0000
3103.8	1592	734	151	1440	4	728	1290	725	0.671875	0.671296	0.086	13.7920	ok	0	0	0	-9999	-9999	0.0000
3135.0	1592	734	151	1440	4	728	1290	725	0.671875	0.671296	0.086	16.1609	ok	0	0	0	-9999	-9999	0.0000
3181.3	1592	734	151	1440	4	728	1290	725	0.671875	0.671296	0.086	20.7572	ok	0	0	0	-9999	-9999	0.0000
3228.3	1592	734	151	1440	4	728	1290	725	0.671875	0.671296	0.086	22.4493	ok	0	0	0	-9999	-9999	0.0000
3276.4	1592	734	151	1440	4	728	1290	725	0.671875	0.671296	0.086	23.9417	ok	0	0	0	-9999	-9999	0.0000
3323.9	1592	734	151	1440	4	728	1290	725	0.671875	0.671296	0.086	26.4203	ok	0	0	0	-9999	-9999	0.0000
3371.1	1592	734	151	1440	4	728	1290	725	0.671875	0.671296	0.086	13.3235	ok	0	0	0	-9999	-9999	0.0000
3402.3	1592	734	151	1440	4	728	1290	725	0.671875	0.671296	0.086	14.7967	ok	0	0	0	-9999	-9999	0.0000
3434.4	1592	734	151	1440	4	728	1290	725	0.671875	0.671296	0.086	16.9874	ok	0	0	0	-9999	-9999	0.0000
3481.6	1592	734	151	1440	4	728	1290	725	0.671875	0.671296	0.086	18.6371	ok	0	0	0	-9999	-9999	0.0000
3528.2	1592	734	151	1440	4	728	1290	725	0.671875	0.671296	0.086	21.9093	ok	0	0	0	-9999	-9999	0.0000
3575.4	1592	734	151	1440	4	728	1290	725	0.671875	0.671296	0.086	24.8625	ok	0	0	0	-9999	-9999	0.0000
3622.7	1592	734	151	1440	4	728	1290	725	0.671875	0.671296	0.086	27.1721	ok	0	0	0	-9999	-9999	0.0000
3669.6	1592	734	151	1440	4	728	1290	725	0.671875	0.671296	0.086	15.2987	ok	0	0	0	-9999	-9999	0.0000
3701.2	1592	734	151	1440	4	728	1290	725	0.671875	0.671296	0.086	15.3997	ok	0	0	0	-9999	-9999	0.0000
3748.1	1592	734	151	1440	4	728	1290	725	0.671875	0.671296	0.086	18.4167	ok	0	0	0	-9999	-9999	0.0000
3793.9	1592	734	151	1440	4	728	1290	725	0.671875	0.671296	0.086	22.9246	ok	0	0	0	-9999	-9999	0.0000
3840.7	1592	734	151	1440	4	728	1290	725	0.671875	0.671296	0.086	25.7517	ok	0	0	0	-9999	-9999	0.0000
3887.2	1592	734	151	1440	4	728	1290	725	0.671875	0.671296	0.086	13.1949	ok	0	0	0	-9999	-9999	0.0000
3919.3	1592	734	151	1440	4	728	1290	725	0.671875	0.671296	0.086	13.8788	ok	0	0	0	-9999	-9999	0.0000
3950.4	1592	734	151	1440	4	728	1290	725	0.671875	0.671296	0.086	16.1120	ok	0	0	0	-9999	-9999	0.0000
3997.8	1592	734	151	1440	4	728	1290	725	0.671875	0.671296	0.086	18.6731	ok	0	0	0	-9999	-9999	0.0000
4044.4	1592	734	151	1440	4	728	1290	725	0.671875	0.671296	0.086	22.8148	ok	0	0	0	-9999	-9999	0.0000
4091.5	1592	734	151	1440	4	728	1290	725	0.671875	0.671296	0.086	25.1367	ok	0	0	0	-9999	-9999	0.0000
4138.6	1592	734	151	1440	4	728	1290	725	0.671875	0.671296	0.086	11.0501	ok	0	0	0	-9999	-9999	0.0000
4170.5	1592	734	151	1440	4	728	1290	725	0.671875	0.671296	0.086	13.0628	ok	0	0	0	-9999	-9999	0.0000
4202.0	1592	734	151	1440	4	728	1290	725	0.671875	0.671296	0.086	15.7940	ok	0	0	0	-9999	-9999	0.0000
4248.5	1592	734	151	1440	4	728	1290	725	0.671875	0.671296	0.086	17.9046	ok	0	0	0	-9999	-9999	0.0000
4296.1	1592	734	151	1440	4	728	1290	725	0.671875	0.671296	0.086	21.0033	ok	0	0	0	-9999	-9999	0.0000
4343.6	1592	734	151	1440	4	728	1290	725	0.671875	0.671296	0.086	23.1759	ok	0	0	0	-9999	-9999	0.0000
4390.5	1592	734	151	1440	4	728	1290	725	0.671875	0.671296	0.086	25.8173	ok	0	0	0	-9999	-9999	0.0000
4437.4	1592	734	151	1440	4	728	1290	725	0.671875	0.671296	0.086	12.5757	ok	0	0	0	-9999	-9999	0.0000
4469.1	1592	734	151	1440	4	728	1290	725	0.671875	0.671296	0.086	13.9055	ok	0	0	0	-9999	-9999	0.0000
4500.6	1592	734	151	1440	4	728	1290	725	0.671875	0.671296	0.086	15.8196	ok	0	0	0	-9999	-9999	0.0000
4547.5	1592	734	151	1440	4	728	1290	725	0.671875	0.671296	0.086	18.9564	ok	0	0	0	-9999	-9999	0.0000
4593.8	1592	734	151	1440	4	728	1290	725	0.671875	0.671296	0.086	22.8661	ok	0	0	0	-9999	-9999	0.0000
4640.7	1592	734	151	1440	4	728	1290	725	0.671875	0.671296	0.086	25.4148	ok	0	0	0	-9999	-9999	0.0000
4687.5	1592	734	151	1440	4	728	1290	725	0.671875	0.671296	0.086	12.0290	ok	0	0	0	-9999	-9999	0.0000
4718.0	1592	734	151	1440	4	728	1290	725	0.671875	0.671296	0.086	16.0169	ok	0	0	0	-9999	-9999	0.0000
4764.4	1592	734	151	1440	4	728	1290	725	0.671875	0.671296	0.086	19.5266	ok	0	0	0	-9999	-9999	0.0000
4812.3	1592	734	151	1440	4	728	1290	725	0.671875	0.671296	0.086	20.6803	ok	0	0	0	-9999	-9999	0.0000
4859.4	1592	734	151	1440	4	728	1290	725	0.671875	0.671296	0.086	24.0416	ok	0	0	0	-9999	-9999	0.0000
4906.3	1592	734	151	1440	4	728	1290	725	0.671875	0.671296	0.086	26.7940	ok	0	0	0	-9999	-9999	0.0000
4952.6	1592	734	151	1440	4	728	1290	725	0.671875	0.671296	0.086	14.0718	ok	0	0	0	-9999	-9999	0.0000
4983.3	1592	734	151	1440	4	728	1290	725	0.671875	0.671296	0.086	17.1360	ok	0	0	0	-9999	-9999	0.0000
5030.4	1592	734	151	1440	4	728	1290	725	0.671875	0.671296	0.086	19.9032	ok	0	0	0	-9999	-9999	0.0000
5077.8	1592	734	151	1440	4	728	1290	725	0.671875	0.671296	0.086	22.2440	ok	0	0	0	-9999	-9999	0.0000
5125.1	1592	734	151	1440	4	728	1290	725	0.671875	0.671296	0.086	25.6304	ok	0	0	0	-9999	-9999	0.0000
5172.3	1592	734	151	1440	4	728	1290	725	0.671875	0.671296	0.086	10.5105	ok	0	0	0	-9999	-9999	0.0000
5202.8	1592	734	151	1440	4	728	1290	725	0.671875	0.671296	0.086	13.4775	ok	0	0	0	-9999	-9999	0.0000
5234.4	1592	734	151	1440	4	728	1290	725	0.671875	0.671296	0.086	17.0252	ok	0	0	0	-9999	-9999	0.0000
5281.8	1592	734	151	1440	4	728	1290	725	0.671875	0.671296	0.086	18.4438	ok	0	0	0	-9999	-9999	0.0000
5328.4	1592	734	151	1440	4	728	1290	725	0.671875	0.671296	0.086	22.5016	ok	0	0	0	-9999	-9999	0.0000
5373.8	1592	734	151	1440	4	728	1290	725	0.671875	0.671296	0.086	27.8770	ok	0	0	0	-9999	-9999	0.0000
5421.1	1592	734	151	1440	4	728	1290	725	0.671875	0.671296	0.086	13.9173	ok	0	0	0	-9999	-9999	0.0000
5451.8	1592	734	151	1440	4	728	1290	725	0.671875	0.671296	0.086	14.6976	ok	0	0	0	-9999	-9999	0.0000
5483.4	1592	734	144	1433	0	0	0	0	0.000000	0.000000	0.000	16.5484	no_edge	0	0	0	-9999	-9999	0.0000
5532.1	1592	734	136	1425	0	0	0	0	0.000000	0.000000	0.000	17.9858	no_edge	0	0	0	-9999	-9999	0.0000
5579.0	1592	734	121	1410	0	0	0	0	0.000000	0.000000	0.000	21.1725	no_edge	0	0	0	-9999	-9999	0.0000
5625.3	1592	734	106	1395	0	0	0	0	0.000000	0.000000	0.000	24.9134	no_edge	0	0	0	-9999	-9999	0.0000
5672.1	1592	734	96	1385	0	0	0	0	0.000000	0.000000	0.000	11.0815	no_edge	0	0	0	-9999	-9999	0.0000
5703.2	1592	734	90	1379	0	0	0	0	0.000000	0.000000	0.000	13.4541	no_edge	0	0	0	-9999	-9999	0.0000
5733.8	1592	734	85	1374	6	730	1290	725	0.671875	0.671296	0.086	17.5007	ok	0	0	0	-9999	-9999	0.0000
5780.9	1592	734	80	1369	0	0	0	0	0.000000	0.000000	0.000	19.2595	no_edge	0	0	0	-9999	-9999	0.0000
5827.2	1592	734	78	1367	0	0	0	0	0.000000	0.000000	0.000	23.6764	no_edge	0	0	0	-9999	-9999	0.0000
5874.2	1592	734	78	1367	0	0	0	0	0.000000	0.000000	0.000	25.9666	no_edge	0	0	0	-9999	-9999	0.0000
5920.8	1592	734	82	1371	0	0	0	0	0.000000	0.000000	0.000	12.4263	no_edge	0	0	0	-9999	-9999	0.0000
5951.9	1592	734	93	1382	0	0	0	0	0.000000	0.000000	0.000	14.8151	no_edge	0	0	0	-9999	-9999	0.0000
5983.1	1592	734	106	1395	0	0	0	0	0.000000	0.000000	0.000	17.0937	no_edge	0	0	0	-9999	-9999	0.0000
6030.2	1592	734	118	1407	0	0	0	0	0.000000	0.000000	0.000	20.0445	no_edge	0	0	0	-9999	-9999	0.0000
6076.1	1592	734	123	1412	0	0	0	0	0.000000	0.000000	0.000	23.8559	no_edge	0	0	0	-9999	-9999	0.0000
6123.3	1592	734	124	1413	0	0	0	0	0.000000	0.000000	0.000	26.1268	no_edge	0	0	0	-9999	-9999	0.0000
6169.5	1592	734	124	1413	0	0	0	0	0.000000	0.000000	0.000	13.2983	no_edge	0	0	0	-9999	-9999	0.0000
6201.5	1592	734	124	1413	0	0	0	0	0.000000	0.000000	0.000	15.0968	no_edge	0	0	0	-9999	-9999	0.0000
6233.2	1592	734	205	1333	47	681	1129	635	0.588021	0.587963	0.010	16.4536	ok	0	0	0	-9999	-9999	0.0000
6279.1	1592	734	291	1250	110	649	960	540	0.500000	0.500000	0.000	22.0265	ok	0	0	0	-9999	-9999	0.0000
6326.5	1592	734	291	1250	110	649	960	540	0.500000	0.500000	0.000	23.3415	ok	0	0	0	-9999	-9999	0.0000
6374.1	1592	734	291	1250	110	649	960	540	0.500000	0.500000	0.000	26.6929	ok	0	0	0	-9999	-9999	0.0000
6421.0	1592	734	291	1250	110	649	960	540	0.500000	0.500000	0.000	12.2625	ok	0	0	0	-9999	-9999	0.0000
6451.6	1592	734	291	1250	110	649	960	540	0.500000	0.500000	0.000	14.6790	ok	0	0	0	-9999	-9999	0.0000
6483.0	1592	734	291	1250	110	649	960	540	0.500000	0.500000	0.000	16.9004	ok	0	0	0	-9999	-9999	0.0000
6530.7	1592	734	291	1250	110	649	960	540	0.500000	0.500000	0.000	19.6668	ok	0	0	0	-9999	-9999	0.0000
6577.5	1592	734	291	1250	110	649	960	540	0.500000	0.500000	0.000	22.5032	ok	0	0	0	-9999	-9999	0.0000
6623.6	1592	734	291	1250	110	649	960	540	0.500000	0.500000	0.000	26.0052	ok	0	0	0	-9999	-9999	0.0000
6671.4	1592	734	291	1250	110	649	960	540	0.500000	0.500000	0.000	12.3196	ok	0	0	0	-9999	-9999	0.0000
6703.0	1592	734	353	1192	154	625	840	472	0.437500	0.437037	0.106	13.0804	ok	0	0	0	-9999	-9999	0.0000
6734.3	1592	734	408	1142	193	605	735	413	0.382812	0.382407	0.106	15.9937	ok	0	0	0	-9999	-9999	0.0000
6781.5	1592	734	408	1142	193	605	735	413	0.382812	0.382407	0.106	19.8059	ok	0	0	0	-9999	-9999	0.0000
6828.2	1592	734	408	1142	193	605	735	413	0.382812	0.382407	0.106	21.3696	ok	0	0	0	-9999	-9999	0.0000
6874.6	1592	734	402	1136	194	606	735	413	0.382812	0.382407	0.106	25.8832	ok	0	0	0	-9999	-9999	0.0000
6922.2	1592	734	397	1131	194	606	735	413	0.382812	0.382407	0.106	11.3267	ok	0	0	0	-9999	-9999	0.0000
6953.4	1592	734	382	1116	194	606	735	413	0.382812	0.382407	0.106	13.1022	ok	0	0	0	-9999	-9999	0.0000
6984.2	1592	734	360	1094	193	605	735	413	0.382812	0.382407	0.106	15.8621	ok	0	0	0	-9999	-9999	0.0000
7030.2	1592	734	319	1053	179	591	735	413	0.382812	0.382407	0.106	19.8390	ok	0	0	0	-9999	-9999	0.0000
7076.5	1592	734	282	1016	162	574	735	413	0.382812	0.382407	0.106	23.4811	ok	0	0	0	-9999	-9999	0.0000
7124.0	1592	734	247	981	148	560	735	413	0.382812	0.382407	0.106	26.0239	ok	0	0	0	-9999	-9999	0.0000
7170.9	1592	734	228	962	142	556	735	415	0.382812	0.384259	0.377	12.4145	ok	0	0	0	-9999	-9999	0.0000
7202.2	1592	734	211	945	138	552	735	415	0.382812	0.384259	0.377	14.5136	ok	0	0	0	-9999	-9999	0.0000
7233.4	1592	734	192	926	130	544	735	415	0.382812	0.384259	0.377	16.9789	ok	0	0	0	-9999	-9999	0.0000
7279.4	1592	734	159	895	114	528	737	415	0.383854	0.384259	0.105	21.9100	ok	0	0	0	-9999	-9999	0.0000
7326.6	1592	734	132	868	100	514	737	415	0.383854	0.384259	0.105	23.4205	ok	0	0	0	-9999	-9999	0.0000
7373.6	1592	734	114	850	88	502	737	415	0.383854	0.384259	0.105	26.8088	ok	0	0	0	-9999	-9999	0.0000
7420.1	1592	734	101	837	0	0	0	0	0.000000	0.000000	0.000	13.1790	no_edge	0	0	0	-9999	-9999	0.0000
7450.7	1592	734	87	823	0	0	0	0	0.000000	0.000000	0.000	15.9696	no_edge	0	0	0	-9999	-9999	0.0000
7496.6	1592	734	70	806	0	0	0	0	0.000000	0.000000	0.000	20.0064	no_edge	0	0	0	-9999	-9999	0.0000
7543.3	1592	734	58	794	0	0	0	0	0.000000	0.000000	0.000	23.0440	no_edge	0	0	0	-9999	-9999	0.0000
7590.8	1592	734	52	788	0	0	0	0	0.000000	0.000000	0.000	25.6111	no_edge	0	0	0	-9999	-9999	0.0000
7638.7	1592	734	49	785	0	0	0	0	0.000000	0.000000	0.000	10.9757	no_edge	0	0	0	-9999	-9999	0.0000
7669.9	1592	734	49	785	0	0	0	0	0.000000	0.000000	0.000	12.9382	no_edge	0	0	0	-9999	-9999	0.0000
7702.0	1592	734	49	785	0	0	0	0	0.000000	0.000000	0.000	15.4320	no_edge	0	0	0	-9999	-9999	0.0000
7748.7	1592	734	49	785	0	0	0	0	0.000000	0.000000	0.000	17.3427	no_edge	0	0	0	-9999	-9999	0.0000
7796.4	1592	734	49	785	0	0	0	0	0.000000	0.000000	0.000	21.1179	no_edge	0	0	0	-9999	-9999	0.0000
7843.0	1592	734	49	785	0	0	0	0	0.000000	0.000000	0.000	23.2665	no_edge	0	0	0	-9999	-9999	0.0000
7891.1	1592	734	49	785	0	0	0	0	0.000000	0.000000	0.000	25.1687	no_edge	0	0	0	-9999	-9999	0.0000
7938.4	1592	734	56	792	0	0	0	0	0.000000	0.000000	0.000	11.9805	no_edge	0	0	0	-9999	-9999	0.0000
7970.4	1592	734	63	799	0	0	0	0	0.000000	0.000000	0.000	12.7593	no_edge	0	0	0	-9999	-9999	0.0000
8002.1	1592	734	97	833	0	0	0	0	0.000000	0.000000	0.000	14.6427	no_edge	0	0	0	-9999	-9999	0.0000
8033.1	1592	734	157	893	40	454	737	415	0.383854	0.384259	0.105	17.2272	ok	0	0	0	-9999	-9999	0.0000
8078.7	1592	734	286	1022	41	453	737	413	0.383854	0.382407	0.378	21.7823	ok	0	0	0	-9999	-9999	0.0000
8125.9	1592	734	410	1146	41	453	737	413	0.383854	0.382407	0.378	24.1530	ok	0	0	0	-9999	-9999	0.0000
8172.9	1592	734	517	1253	41	453	737	413	0.383854	0.382407	0.378	27.1841	ok	0	0	0	-9999	-9999	0.0000
8218.4	1592	734	578	1314	41	453	737	413	0.383854	0.382407	0.378	14.8906	ok	0	0	0	-9999	-9999	0.0000
8249.7	1592	734	635	1371	41	453	737	413	0.383854	0.382407	0.378	17.0024	ok	0	0	0	-9999	-9999	0.0000
8296.3	1592	734	710	1446	41	453	737	413	0.383854	0.382407	0.378	21.8007	ok	0	0	0	-9999	-9999	0.0000
8343.2	1592	734	726	1462	40	454	737	415	0.383854	0.384259	0.105	23.3536	ok	0	0	0	-9999	-9999	0.0000
8390.1	1592	734	732	1468	40	454	737	415	0.383854	0.384259	0.105	26.7458	ok	0	0	0	-9999	-9999	0.0000
8437.7	1592	734	738	1474	40	454	737	415	0.383854	0.384259	0.105	12.3728	ok	0	0	0	-9999	-9999	0.0000
8467.9	1592	734	751	1487	40	454	737	415	0.383854	0.384259	0.105	15.3956	ok	0	0	0	-9999	-9999	0.0000
8499.5	1592	734	763	1499	40	454	737	415	0.383854	0.384259	0.105	17.4172	ok	0	0	0	-9999	-9999	0.0000
8546.8	1592	734	774	1510	40	454	737	415	0.383854	0.384259	0.105	19.2788	ok	0	0	0	-9999	-9999	0.0000
8593.7	1592	734	774	1510	40	454	737	415	0.383854	0.384259	0.105	22.8855	ok	0	0	0	-9999	-9999	0.0000
8640.0	1592	734	774	1510	40	454	737	415	0.383854	0.384259	0.105	26.2599	ok	0	0	0	-9999	-9999	0.0000
8687.2	1592	734	777	1513	54	468	737	415	0.383854	0.384259	0.105	13.1180	ok	0	0	0	-9999	-9999	0.0000
8718.2	1592	734	778	1514	67	481	737	415	0.383854	0.384259	0.105	15.2257	ok	0	0	0	-9999	-9999	0.0000
8764.9	1592	734	778	1514	97	511	737	415	0.383854	0.384259	0.105	18.0788	ok	0	0	0	-9999	-9999	0.0000
8812.0	1592	734	765	1499	158	572	735	415	0.382812	0.384259	0.377	22.8529	ok	0	0	0	-9999	-9999	0.0000
8858.2	1592	734	738	1472	195	609	735	415	0.382812	0.384259	0.377	25.3861	ok	0	0	0	-9999	-9999	0.0000
8905.7	1592	734	707	1441	218	630	735	413	0.382812	0.382407	0.106	11.0795	ok	0	0	0	-9999	-9999	0.0000
8936.6	1592	734	659	1393	242	654	735	413	0.382812	0.382407	0.106	13.6206	ok	0	0	0	-9999	-9999	0.0000
8967.5	1592	734	607	1341	256	668	735	413	0.382812	0.382407	0.106	16.0121	ok	0	0	0	-9999	-9999	0.0000
9015.2	1592	734	546	1280	257	669	735	413	0.382812	0.382407	0.106	18.7651	ok	0	0	0	-9999	-9999	0.0000
9060.9	1592	734	501	1235	257	669	735	413	0.382812	0.382407	0.106	22.5496	ok	0	0	0	-9999	-9999	0.0000
9108.8	1592	734	492	1226	254	666	735	413	0.382812	0.382407	0.106	25.0163	ok	0	0	0	-9999	-9999	0.0000
9155.7	1592	734	490	1224	249	661	735	413	0.382812	0.382407	0.106	11.0761	ok	0	0	0	-9999	-9999	0.0000
9186.0	1592	734	487	1221	242	654	735	413	0.382812	0.382407	0.106	14.3133	ok	0	0	0	-9999	-9999	0.0000
9217.4	1592	734	481	1215	229	641	735	413	0.382812	0.382407	0.106	16.4816	ok	0	0	0	-9999	-9999	0.0000
9265.6	1592	734	464	1198	210	622	735	413	0.382812	0.382407	0.106	18.0557	ok	0	0	0	-9999	-9999	0.0000
9313.1	1592	734	442	1176	194	606	735	413	0.382812	0.382407	0.106	20.3817	ok	0	0	0	-9999	-9999	0.0000
9359.5	1592	734	429	1163	185	597	735	413	0.382812	0.382407	0.106	25.4992	ok	0	0	0	-9999	-9999	0.0000
9406.3	1592	734	423	1157	180	592	735	413	0.382812	0.382407	0.106	26.7466	ok	0	0	0	-9999	-9999	0.0000
9453.0	1592	734	407	1141	172	584	735	413	0.382812	0.382407	0.106	14.0522	ok	0	0	0	-9999	-9999	0.0000
9483.3	1592	734	398	1132	169	581	735	413	0.382812	0.382407	0.106	17.2067	ok	0	0	0	-9999	-9999	0.0000
9530.4	1592	734	389	1123	168	580	735	413	0.382812	0.382407	0.106	20.3986	ok	0	0	0	-9999	-9999	0.0000
9577.6	1592	734	389	1123	168	580	735	413	0.382812	0.382407	0.106	22.6195	ok	0	0	0	-9999	-9999	0.0000
9623.3	1592	734	390	1124	167	579	735	413	0.382812	0.382407	0.106	26.5731	ok	0	0	0	-9999	-9999	0.0000
9669.9	1592	734	390	1124	166	578	735	413	0.382812	0.382407	0.106	13.7912	ok	0	0	0	-9999	-9999	0.0000
9702.1	1592	734	390	1124	166	578	735	413	0.382812	0.382407	0.106	14.1295	ok	0	0	0	-9999	-9999	0.0000
9733.7	1592	734	390	1124	166	578	735	413	0.382812	0.382407	0.106	16.4141	ok	0	0	0	-9999	-9999	0.0000
9780.2	1592	734	390	1124	166	578	735	413	0.382812	0.382407	0.106	19.7598	ok	0	0	0	-9999	-9999	0.0000
9827.4	1592	734	390	1124	166	578	735	413	0.382812	0.382407	0.106	24.4191	ok	0	0	0	-9999	-9999	0.0000
9874.3	1592	734	390	1124	166	578	735	413	0.382812	0.382407	0.106	27.2848	ok	0	0	0	-9999	-9999	0.0000
9921.8	1592	734	383	1117	166	578	735	413	0.382812	0.382407	0.106	12.9488	ok	0	0	0	-9999	-9999	0.0000
9953.9	1592	734	378	1112	166	578	735	413	0.382812	0.382407	0.106	12.7419	ok	0	0	0	-9999	-9999	0.0000
9985.7	1592	734	365	1099	166	578	735	413	0.382812	0.382407	0.106	14.7390	ok	0	0	0	-9999	-9999	0.0000
10017.3	1592	734	359	1093	171	583	735	413	0.382812	0.382407	0.106	16.5888	ok	0	0	0	-9999	-9999	0.0000
10064.4	1592	734	365	1099	197	609	735	413	0.382812	0.382407	0.106	19.1452	ok	0	0	0	-9999	-9999	0.0000
10111.9	1592	734	393	1127	223	635	735	413	0.382812	0.382407	0.106	21.9189	ok	0	0	0	-9999	-9999	0.0000
10158.1	1592	734	446	1180	227	639	735	413	0.382812	0.382407	0.106	25.7749	ok	0	0	0	-9999	-9999	0.0000
10206.2	1592	734	521	1255	221	633	735	413	0.382812	0.382407	0.106	27.5141	ok	0	0	0	-9999	-9999	0.0000
10253.4	1592	734	563	1297	206	618	735	413	0.382812	0.382407	0.106	13.4860	ok	0	0	0	-9999	-9999	0.0000
10283.9	1592	734	583	1317	188	600	735	413	0.382812	0.382407	0.106	16.6748	ok	0	0	0	-9999	-9999	0.0000
10331.9	1592	734	581	1315	159	571	735	413	0.382812	0.382407	0.106	18.2945	ok	0	0	0	-9999	-9999	0.0000
10378.6	1592	734	558	1292	146	558	735	413	0.382812	0.382407	0.106	23.4796	ok	0	0	0	-9999	-9999	0.0000
10424.3	1592	734	525	1259	156	568	735	413	0.382812	0.382407	0.106	26.3333	ok	0	0	0	-9999	-9999	0.0000
10471.9	1592	734	508	1242	176	588	735	413	0.382812	0.382407	0.106	11.5460	ok	0	0	0	-9999	-9999	0.0000
10503.4	1592	734	509	1243	188	600	735	413	0.382812	0.382407	0.106	13.7081	ok	0	0	0	-9999	-9999	0.0000
10535.0	1592	734	528	1262	197	609	735	413	0.382812	0.382407	0.106	15.3093	ok	0	0	0	-9999	-9999	0.0000
10581.8	1592	734	590	1324	189	601	735	413	0.382812	0.382407	0.106	18.9212	ok	0	0	0	-9999	-9999	0.0000
10629.6	1592	734	632	1366	157	569	735	413	0.382812	0.382407	0.106	20.8746	ok	0	0	0	-9999	-9999	0.0000
10675.6	1592	734	629	1363	141	553	735	413	0.382812	0.382407	0.106	25.0386	ok	0	0	0	-9999	-9999	0.0000
10723.0	1592	734	615	1349	137	549	735	413	0.382812	0.382407	0.106	27.9570	ok	0	0	0	-9999	-9999	0.0000
10769.7	1592	734	610	1344	137	549	735	413	0.382812	0.382407	0.106	13.8026	ok	0	0	0	-9999	-9999	0.0000
10801.3	1592	734	605	1339	137	549	735	413	0.382812	0.382407	0.106	15.5659	ok	0	0	0	-9999	-9999	0.0000
10848.1	1592	734	590	1324	137	549	735	413	0.382812	0.382407	0.106	18.8099	ok	0	0	0	-9999	-9999	0.0000
10895.4	1592	734	524	1258	137	549	735	413	0.382812	0.382407	0.106	23.2043	ok	0	0	0	-9999	-9999	0.0000
10942.7	1592	734	389	1123	137	549	735	413	0.382812	0.382407	0.106	24.6368	ok	0	0	0	-9999	-9999	0.0000
10990.7	1592	734	285	1019	137	549	735	413	0.382812	0.382407	0.106	26.4517	ok	0	0	0	-9999	-9999	0.0000
11038.3	1592	734	251	985	137	549	735	413	0.382812	0.382407	0.106	11.9015	ok	0	0	0	-9999	-9999	0.0000
11070.0	1592	734	239	973	136	550	735	415	0.382812	0.384259	0.377	13.1621	ok	0	0	0	-9999	-9999	0.0000
11101.4	1592	734	238	972	135	549	735	415	0.382812	0.384259	0.377	15.1178	ok	0	0	0	-9999	-9999	0.0000
11133.4	1592	734	238	972	135	549	735	415	0.382812	0.384259	0.377	17.1030	ok	0	0	0	-9999	-9999	0.0000
11179.8	1592	734	236	970	135	549	735	415	0.382812	0.384259	0.377	20.8136	ok	0	0	0	-9999	-9999	0.0000
11227.9	1592	734	222	956	135	549	735	415	0.382812	0.384259	0.377	22.5763	ok	0	0	0	-9999	-9999	0.0000
11275.8	1592	734	159	893	135	549	735	415	0.382812	0.384259	0.377	24.4110	ok	0	0	0	-9999	-9999	0.0000
11323.8	1592	734	61	795	0	0	0	0	0.000000	0.000000	0.000	26.4637	no_edge	0	0	0	-9999	-9999	0.0000
11371.2	1592	734	12	746	0	0	0	0	0.000000	0.000000	0.000	12.5322	no_edge	0	0	0	-9999	-9999	0.0000
11401.8	1592	734	0	0	0	0	0	0	0.000000	0.000000	0.000	16.4512	no_edge	0	0	0	-9999	-9999	0.0000
11448.9	1592	734	11	745	0	0	0	0	0.000000	0.000000	0.000	18.3567	no_edge	0	0	0	-9999	-9999	0.0000
11495.7	1592	734	42	776	0	0	0	0	0.000000	0.000000	0.000	21.8530	no_edge	0	0	0	-9999	-9999	0.0000
11541.5	1592	734	74	808	0	0	0	0	0.000000	0.000000	0.000	25.3422	no_edge	0	0	0	-9999	-9999	0.0000
11587.9	1592	734	103	837	0	0	0	0	0.000000	0.000000	0.000	12.4033	no_edge	0	0	0	-9999	-9999	0.0000
11618.9	1592	734	130	864	256	670	735	415	0.382812	0.384259	0.377	14.8076	ok	0	0	0	-9999	-9999	0.0000
11650.0	1592	734	146	880	267	681	735	415	0.382812	0.384259	0.377	16.5281	ok	0	0	0	-9999	-9999	0.0000
11697.1	1592	734	147	881	268	682	735	415	0.382812	0.384259	0.377	19.1573	ok	0	0	0	-9999	-9999	0.0000
11744.2	1592	734	147	881	268	682	735	415	0.382812	0.384259	0.377	22.9232	ok	0	0	0	-9999	-9999	0.0000
11791.0	1592	734	147	881	268	682	735	415	0.382812	0.384259	0.377	25.6025	ok	0	0	0	-9999	-9999	0.0000
11837.3	1592	734	147	881	268	682	735	415	0.382812	0.384259	0.377	12.8114	ok	0	0	0	-9999	-9999	0.0000
11868.1	1592	734	146	880	271	685	735	415	0.382812	0.384259	0.377	16.2617	ok	0	0	0	-9999	-9999	0.0000
11915.6	1592	734	143	877	274	688	735	415	0.382812	0.384259	0.377	19.6011	ok	0	0	0	-9999	-9999	0.0000
11962.1	1592	734	147	883	278	692	737	415	0.383854	0.384259	0.105	21.7192	ok	0	0	0	-9999	-9999	0.0000
12009.2	1592	734	206	942	280	694	737	415	0.383854	0.384259	0.105	24.4128	ok	0	0	0	-9999	-9999	0.0000
12056.3	1592	734	361	1097	281	693	737	413	0.383854	0.382407	0.378	27.9529	ok	0	0	0	-9999	-9999	0.0000
12103.3	1592	734	451	1185	260	672	735	413	0.382812	0.382407	0.106	13.9939	ok	0	0	0	-9999	-9999	0.0000
12135.2	1592	734	518	1252	236	648	735	413	0.382812	0.382407	0.106	14.8791	ok	0	0	0	-9999	-9999	0.0000
12167.0	1592	734	553	1287	218	630	735	413	0.382812	0.382407	0.106	16.8089	ok	0	0	0	-9999	-9999	0.0000
12213.3	1592	734	573	1307	194	606	735	413	0.382812	0.382407	0.106	20.3516	ok	0	0	0	-9999	-9999	0.0000
12260.1	1592	734	578	1312	179	591	735	413	0.382812	0.382407	0.106	23.4735	ok	0	0	0	-9999	-9999	0.0000
12307.4	1592	734	578	1312	178	590	735	413	0.382812	0.382407	0.106	26.0718	ok	0	0	0	-9999	-9999	0.0000
12355.2	1592	734	578	1312	178	590	735	413	0.382812	0.382407	0.106	12.4544	ok	0	0	0	-9999	-9999	0.0000
12385.7	1592	734	578	1312	178	590	735	413	0.382812	0.382407	0.106	13.8218	ok	0	0	0	-9999	-9999	0.0000
12418.0	1592	734	578	1312	178	590	735	413	0.382812	0.382407	0.106	16.3106	ok	0	0	0	-9999	-9999	0.0000
12463.6	1592	734	578	1312	178	590	735	413	0.382812	0.382407	0.106	19.5082	ok	0	0	0	-9999	-9999	0.0000
12510.3	1592	734	578	1312	178	590	735	413	0.382812	0.382407	0.106	22.9529	ok	0	0	0	-9999	-9999	0.0000
12557.4	1592	734	578	1312	178	590	735	413	0.382812	0.382407	0.106	25.9680	ok	0	0	0	-9999	-9999	0.0000
12604.3	1592	734	578	1312	178	590	735	413	0.382812	0.382407	0.106	12.3390	ok	0	0	0	-9999	-9999	0.0000
12636.0	1592	734	578	1312	178	590	735	413	0.382812	0.382407	0.106	14.3727	ok	0	0	0	-9999	-9999	0.0000
12668.4	1592	734	578	1312	178	590	735	413	0.382812	0.382407	0.106	14.7981	ok	0	0	0	-9999	-9999	0.0000
12700.0	1592	734	578	1312	178	590	735	413	0.382812	0.382407	0.106	16.5354	ok	0	0	0	-9999	-9999	0.0000
12747.2	1592	734	578	1312	178	590	735	413	0.382812	0.382407	0.106	19.2908	ok	0	0	0	-9999	-9999	0.0000
12793.8	1592	734	578	1312	178	590	735	413	0.382812	0.382407	0.106	22.8894	ok	0	0	0	-9999	-9999	0.0000
12840.1	1592	734	578	1312	178	590	735	413	0.382812	0.382407	0.106	26.9848	ok	0	0	0	-9999	-9999	0.0000
12886.6	1592	734	578	1312	178	590	735	413	0.382812	0.382407	0.106	13.4212	ok	0	0	0	-9999	-9999	0.0000
12917.8	1592	734	578	1312	178	590	735	413	0.382812	0.382407	0.106	16.9081	ok	0	0	0	-9999	-9999	0.0000
12964.4	1592	734	578	1312	178	590	735	413	0.382812	0.382407	0.106	18.7869	ok	0	0	0	-9999	-9999	0.0000
13010.0	1592	734	578	1312	178	590	735	413	0.382812	0.382407	0.106	23.2921	ok	0	0	0	-9999	-9999	0.0000
13057.2	1592	734	578	1312	178	590	735	413	0.382812	0.382407	0.106	26.5161	ok	0	0	0	-9999	-9999	0.0000
13103.5	1592	734	578	1312	178	590	735	413	0.382812	0.382407	0.106	13.0327	ok	0	0	0	-9999	-9999	0.0000
13135.7	1592	734	578	1312	178	590	735	413	0.382812	0.382407	0.106	13.9724	ok	0	0	0	-9999	-9999	0.0000
13166.7	1592	734	578	1312	178	590	735	413	0.382812	0.382407	0.106	16.9214	ok	0	0	0	-9999	-9999	0.0000
13213.8	1592	734	578	1312	178	590	735	413	0.382812	0.382407	0.106	19.4249	ok	0	0	0	-9999	-9999	0.0000
13260.3	1592	734	578	1312	178	590	735	413	0.382812	0.382407	0.106	22.7786	ok	0	0	0	-9999	-9999	0.0000
13307.5	1592	734	578	1312	178	590	735	413	0.382812	0.382407	0.106	26.5627	ok	0	0	0	-9999	-9999	0.0000
13354.5	1592	734	578	1312	178	590	735	413	0.382812	0.382407	0.106	15.1708	ok	0	0	0	-9999	-9999	0.0000
13386.1	1592	734	151	1440	4	728	1290	725	0.671875	0.671296	0.086	15.6752	ok	0	0	0	-9999	-9999	0.0000
13432.5	1592	734	151	1440	4	728	1290	725	0.671875	0.671296	0.086	19.3347	ok	0	0	0	-9999	-9999	0.0000
13479.3	1592	734	151	1440	4	728	1290	725	0.671875	0.671296	0.086	20.9457	ok	0	0	0	-9999	-9999	0.0000
13525.7	1592	734	151	1440	4	728	1290	725	0.671875	0.671296	0.086	23.8678	ok	0	0	0	-9999	-9999	0.0000
13572.5	1592	734	151	1440	4	728	1290	725	0.671875	0.671296	0.086	10.5821	ok	0	0	0	-9999	-9999	0.0000
13603.3	1592	734	151	1440	4	728	1290	725	0.671875	0.671296	0.086	13.2869	ok	0	0	0	-9999	-9999	0.0000
13634.7	1592	734	151	1440	4	728	1290	725	0.671875	0.671296	0.086	15.0441	ok	0	0	0	-9999	-9999	0.0000
13667.0	1592	734	151	1440	4	728	1290	725	0.671875	0.671296	0.086	16.3299	ok	0	0	0	-9999	-9999	0.0000
13714.3	1592	734	151	1440	4	728	1290	725	0.671875	0.671296	0.086	18.7246	ok	0	0	0	-9999	-9999	0.0000
13760.6	1592	734	151	1440	4	728	1290	725	0.671875	0.671296	0.086	22.8853	ok	0	0	0	-9999	-9999	0.0000
13808.7	1592	734	151	1440	4	728	1290	725	0.671875	0.671296	0.086	24.5688	ok	0	0	0	-9999	-9999	0.0000
13855.2	1592	734	151	1440	4	728	1290	725	0.671875	0.671296	0.086	10.9008	ok	0	0	0	-9999	-9999	0.0000
13886.0	1592	734	151	1440	4	728	1290	725	0.671875	0.671296	0.086	13.7429	ok	0	0	0	-9999	-9999	0.0000
13917.9	1592	734	151	1440	4	728	1290	725	0.671875	0.671296	0.086	15.3643	ok	0	0	0	-9999	-9999	0.0000
13949.8	1592	734	151	1440	4	728	1290	725	0.671875	0.671296	0.086	19.9791	ok	0	0	0	-9999	-9999	0.0000
13996.9	1592	734	151	1440	4	728	1290	725	0.671875	0.671296	0.086	22.0377	ok	0	0	0	-9999	-9999	0.0000
14043.3	1592	734	151	1440	4	728	1290	725	0.671875	0.671296	0.086	24.8433	ok	0	0	0	-9999	-9999	0.0000
14090.7	1592	734	151	1440	4	728	1290	725	0.671875	0.671296	0.086	27.5847	ok	0	0	0	-9999	-9999	0.0000
14137.9	1592	734	151	1440	4	728	1290	725	0.671875	0.671296	0.086	14.8724	ok	0	0	0	-9999	-9999	0.0000
14184.2	1592	734	424	1263	186	657	840	472	0.437500	0.437037	0.106	18.3989	ok	0	0	0	-9999	-9999	0.0000
14229.4	1592	734	488	1222	229	641	735	413	0.382812	0.382407	0.106	22.2018	ok	0	0	0	-9999	-9999	0.0000
14276.8	1592	734	488	1222	229	641	735	413	0.382812	0.382407	0.106	25.1726	ok	0	0	0	-9999	-9999	0.0000
14324.5	1592	734	488	1222	229	641	735	413	0.382812	0.382407	0.106	27.3268	ok	0	0	0	-9999	-9999	0.0000
14370.6	1592	734	488	1222	229	641	735	413	0.382812	0.382407	0.106	14.3857	ok	0	0	0	-9999	-9999	0.0000
14402.3	1592	734	488	1222	229	641	735	413	0.382812	0.382407	0.106	16.7589	ok	0	0	0	-9999	-9999	0.0000
14449.8	1592	734	488	1222	229	641	735	413	0.382812	0.382407	0.106	20.2604	ok	0	0	0	-9999	-9999	0.0000
14496.0	1592	734	480	1214	226	638	735	413	0.382812	0.382407	0.106	22.8096	ok	0	0	0	-9999	-9999	0.0000
14543.4	1592	734	444	1178	217	629	735	413	0.382812	0.382407	0.106	25.8301	ok	0	0	0	-9999	-9999	0.0000
14590.6	1592	734	368	1102	203	615	735	413	0.382812	0.382407	0.106	28.5832	ok	0	0	0	-9999	-9999	0.0000
14636.8	1592	734	309	1043	191	603	735	413	0.382812	0.382407	0.106	15.4098	ok	0	0	0	-9999	-9999	0.0000
14668.4	1592	734	275	1009	180	592	735	413	0.382812	0.382407	0.106	17.4770	ok	0	0	0	-9999	-9999	0.0000
14715.8	1592	734	269	1003	169	581	735	413	0.382812	0.382407	0.106	19.8345	ok	0	0	0	-9999	-9999	0.0000
14762.5	1592	734	266	1000	160	572	735	413	0.382812	0.382407	0.106	21.0279	ok	0	0	0	-9999	-9999	0.0000
14809.3	1592	734	246	980	151	563	735	413	0.382812	0.382407	0.106	24.4238	ok	0	0	0	-9999	-9999	0.0000
14855.8	1592	734	239	973	148	562	735	415	0.382812	0.384259	0.377	11.1357	ok	0	0	0	-9999	-9999	0.0000
14886.9	1592	734	236	970	148	562	735	415	0.382812	0.384259	0.377	12.9465	ok	0	0	0	-9999	-9999	0.0000
14917.5	1592	734	236	970	148	562	735	415	0.382812	0.384259	0.377	15.5889	ok	0	0	0	-9999	-9999	0.0000
14949.8	1592	734	236	970	148	562	735	415	0.382812	0.384259	0.377	17.8093	ok	0	0	0	-9999	-9999	0.0000
14995.8	1592	734	186	1011	112	576	826	465	0.430208	0.430556	0.081	21.8729	ok	0	0	0	-9999	-9999	0.0000
15044.4	1592	734	114	1073	60	599	960	540	0.500000	0.500000	0.000	22.7899	ok	0	0	0	-9999	-9999	0.0000
15091.6	1592	734	49	1128	12	618	1080	607	0.562500	0.562037	0.082	24.8677	ok	0	0	0	-9999	-9999	0.0000
15139.8	1592	734	49	1128	12	618	1080	607	0.562500	0.562037	0.082	26.8266	ok	0	0	0	-9999	-9999	0.0000
15185.8	1592	734	49	1128	12	618	1080	607	0.562500	0.562037	0.082	14.3605	ok	0	0	0	-9999	-9999	0.0000
15217.8	1592	734	49	1128	12	618	1080	607	0.562500	0.562037	0.082	15.3438	ok	0	0	0	-9999	-9999	0.0000
15249.5	1592	734	49	1128	12	618	1080	607	0.562500	0.562037	0.082	17.3891	ok	0	0	0	-9999	-9999	0.0000
15295.2	1592	734	49	1128	12	618	1080	607	0.562500	0.562037	0.082	22.3637	ok	0	0	0	-9999	-9999	0.0000
15343.4	1592	734	49	1128	12	618	1080	607	0.562500	0.562037	0.082	23.4938	ok	0	0	0	-9999	-9999	0.0000
15390.1	1592	734	49	1128	12	618	1080	607	0.562500	0.562037	0.082	26.5758	ok	0	0	0	-9999	-9999	0.0000
15437.2	1592	734	49	1128	12	618	1080	607	0.562500	0.562037	0.082	12.5037	ok	0	0	0	-9999	-9999	0.0000
15469.6	1592	734	49	1128	12	618	1080	607	0.562500	0.562037	0.082	15.6147	ok	0	0	0	-9999	-9999	0.0000
15516.4	1592	734	38	1117	4	610	1080	607	0.562500	0.562037	0.082	17.7910	ok	0	0	0	-9999	-9999	0.0000
15562.5	1592	734	5	1084	0	0	0	0	0.000000	0.000000	0.000	21.3022	no_edge	0	0	0	-9999	-9999	0.0000
15610.3	1592	734	0	0	0	0	0	0	0.000000	0.000000	0.000	23.5243	no_edge	0	0	0	-9999	-9999	0.0000
15657.0	1592	734	0	0	0	0	0	0	0.000000	0.000000	0.000	26.7892	no_edge	0	0	0	-9999	-9999	0.0000
15704.5	1592	734	0	0	0	0	0	0	0.000000	0.000000	0.000	12.5911	no_edge	0	0	0	-9999	-9999	0.0000
15734.9	1592	734	0	0	0	0	0	0	0.000000	0.000000	0.000	15.1666	no_edge	0	0	0	-9999	-9999	0.0000
15766.4	1592	734	0	0	0	0	0	0	0.000000	0.000000	0.000	16.8362	no_edge	0	0	0	-9999	-9999	0.0000
15813.5	1592	734	0	0	0	0	0	0	0.000000	0.000000	0.000	20.0969	no_edge	0	0	0	-9999	-9999	0.0000
15859.5	1592	734	0	0	0	0	0	0	0.000000	0.000000	0.000	24.3910	no_edge	0	0	0	-9999	-9999	0.0000
15906.2	1592	734	0	0	0	0	0	0	0.000000	0.000000	0.000	27.1263	no_edge	0	0	0	-9999	-9999	0.0000
15953.3	1592	734	0	0	0	0	0	0	0.000000	0.000000	0.000	12.9776	no_edge	0	0	0	-9999	-9999	0.0000
15985.6	1592	734	0	0	0	0	0	0	0.000000	0.000000	0.000	15.8746	no_edge	0	0	0	-9999	-9999	0.0000
16032.8	1592	734	0	0	0	0	0	0	0.000000	0.000000	0.000	17.1955	no_edge	0	0	0	-9999	-9999	0.0000
16079.4	1592	734	0	0	0	0	0	0	0.000000	0.000000	0.000	20.1685	no_edge	0	0	0	-9999	-9999	0.0000
16126.3	1592	734	0	0	0	0	0	0	0.000000	0.000000	0.000	23.3463	no_edge	0	0	0	-9999	-9999	0.0000
16173.0	1592	734	0	0	0	0	0	0	0.000000	0.000000	0.000	26.6789	no_edge	0	0	0	-9999	-9999	0.0000
16221.0	1592	734	0	0	0	0	0	0	0.000000	0.000000	0.000	12.7552	no_edge	0	0	0	-9999	-9999	0.0000
16252.6	1592	734	0	0	0	0	0	0	0.000000	0.000000	0.000	14.2080	no_edge	0	0	0	-9999	-9999	0.0000
16284.3	1592	734	0	0	0	0	0	0	0.000000	0.000000	0.000	16.1079	no_edge	0	0	0	-9999	-9999	0.0000
16331.5	1592	734	0	0	0	0	0	0	0.000000	0.000000	0.000	18.9254	no_edge	0	0	0	-9999	-9999	0.0000
16379.1	1592	734	0	0	0	0	0	0	0.000000	0.000000	0.000	21.3439	no_edge	0	0	0	-9999	-9999	0.0000
16426.1	1592	734	0	0	0	0	0	0	0.000000	0.000000	0.000	23.4784	no_edge	0	0	0	-9999	-9999	0.0000
16473.7	1592	734	0	0	0	0	0	0	0.000000	0.000000	0.000	27.6496	no_edge	0	0	0	-9999	-9999	0.0000
16520.6	1592	734	0	0	0	0	0	0	0.000000	0.000000	0.000	13.1429	no_edge	0	0	0	-9999	-9999	0.0000
16551.9	1592	734	0	0	0	0	0	0	0.000000	0.000000	0.000	15.1124	no_edge	0	0	0	-9999	-9999	0.0000
16598.1	1592	734	0	0	0	0	0	0	0.000000	0.000000	0.000	19.1543	no_edge	0	0	0	-9999	-9999	0.0000
16645.9	1592	734	0	0	0	0	0	0	0.000000	0.000000	0.000	20.7795	no_edge	0	0	0	-9999	-9999	0.0000
16693.1	1592	734	0	0	0	0	0	0	0.000000	0.000000	0.000	23.4668	no_edge	0	0	0	-9999	-9999	0.0000
16739.9	1592	734	0	0	0	0	0	0	0.000000	0.000000	0.000	26.5370	no_edge	0	0	0	-9999	-9999	0.0000
16787.1	1592	734	0	0	0	0	0	0	0.000000	0.000000	0.000	12.9234	no_edge	0	0	0	-9999	-9999	0.0000
16819.1	1592	734	0	0	0	0	0	0	0.000000	0.000000	0.000	14.1679	no_edge	0	0	0	-9999	-9999	0.0000
16850.8	1592	734	0	0	0	0	0	0	0.000000	0.000000	0.000	15.5382	no_edge	0	0	0	-9999	-9999	0.0000
16897.2	1592	734	0	0	0	0	0	0	0.000000	0.000000	0.000	19.7838	no_edge	0	0	0	-9999	-9999	0.0000
16944.5	1592	734	0	0	0	0	0	0	0.000000	0.000000	0.000	22.2575	no_edge	0	0	0	-9999	-9999	0.0000
16990.7	1592	734	0	0	0	0	0	0	0.000000	0.000000	0.000	27.9474	no_edge	0	0	0	-9999	-9999	0.0000
17038.0	1592	734	0	0	0	0	0	0	0.000000	0.000000	0.000	11.7590	no_edge	0	0	0	-9999	-9999	0.0000
17068.8	1592	734	0	0	0	0	0	0	0.000000	0.000000	0.000	14.2351	no_edge	0	0	0	-9999	-9999	0.0000
17099.6	1592	734	0	0	0	0	0	0	0.000000	0.000000	0.000	17.4114	no_edge	0	0	0	-9999	-9999	0.0000
17146.7	1592	734	0	0	0	0	0	0	0.000000	0.000000	0.000	20.0012	no_edge	0	0	0	-9999	-9999	0.0000
17193.1	1592	734	0	0	0	0	0	0	0.000000	0.000000	0.000	23.4427	no_edge	0	0	0	-9999	-9999	0.0000
17239.7	1592	734	0	0	0	0	0	0	0.000000	0.000000	0.000	27.2811	no_edge	0	0	0	-9999	-9999	0.0000
17286.3	1592	734	0	0	0	0	0	0	0.000000	0.000000	0.000	13.3086	no_edge	0	0	0	-9999	-9999	0.0000
17317.7	1592	734	0	0	0	0	0	0	0.000000	0.000000	0.000	15.2858	no_edge	0	0	0	-9999	-9999	0.0000
17349.3	1592	734	0	0	0	0	0	0	0.000000	0.000000	0.000	17.3093	no_edge	0	0	0	-9999	-9999	0.0000
17395.4	1592	734	0	0	0	0	0	0	0.000000	0.000000	0.000	20.9899	no_edge	0	0	0	-9999	-9999	0.0000
17442.2	1592	734	0	0	0	0	0	0	0.000000	0.000000	0.000	25.0264	no_edge	0	0	0	-9999	-9999	0.0000
17489.8	1592	734	0	0	0	0	0	0	0.000000	0.000000	0.000	28.7108	no_edge	0	0	0	-9999	-9999	0.0000
17535.8	1592	734	0	0	0	0	0	0	0.000000	0.000000	0.000	14.2258	no_edge	0	0	0	-9999	-9999	0.0000
17566.7	1592	734	0	0	0	0	0	0	0.000000	0.000000	0.000	18.2277	no_edge	0	0	0	-9999	-9999	0.0000
17613.3	1592	734	0	0	0	0	0	0	0.000000	0.000000	0.000	21.7309	no_edge	0	0	0	-9999	-9999	0.0000
17662.0	1592	734	0	0	0	0	0	0	0.000000	0.000000	0.000	23.1715	no_edge	0	0	0	-9999	-9999	0.0000
17707.9	1592	734	0	0	0	0	0	0	0.000000	0.000000	0.000	27.1767	no_edge	0	0	0	-9999	-9999	0.0000
17754.9	1592	734	0	0	0	0	0	0	0.000000	0.000000	0.000	13.4632	no_edge	0	0	0	-9999	-9999	0.0000
17786.0	1592	734	0	0	0	0	0	0	0.000000	0.000000	0.000	15.6748	no_edge	0	0	0	-9999	-9999	0.0000
17818.0	1592	734	0	0	0	0	0	0	0.000000	0.000000	0.000	16.8857	no_edge	0	0	0	-9999	-9999	0.0000
17866.3	1592	734	0	0	0	0	0	0	0.000000	0.000000	0.000	19.9884	no_edge	0	0	0	-9999	-9999	0.0000
17913.8	1592	734	151	1440	4	728	1290	725	0.671875	0.671296	0.086	21.4944	ok	0	0	0	-9999	-9999	0.0000
17962.4	1592	734	151	1440	4	728	1290	725	0.671875	0.671296	0.086	22.6167	ok	0	0	0	-9999	-9999	0.0000
18010.2	1592	734	151	1440	4	728	1290	725	0.671875	0.671296	0.086	26.3487	ok	0	0	0	-9999	-9999	0.0000
18057.7	1592	734	151	1440	4	728	1290	725	0.671875	0.671296	0.086	28.0364	ok	0	0	0	-9999	-9999	0.0000
18103.9	1592	734	151	1440	4	728	1290	725	0.671875	0.671296	0.086	14.1826	ok	0	0	0	-9999	-9999	0.0000
18135.5	1592	734	151	1440	4	728	1290	725	0.671875	0.671296	0.086	15.8214	ok	0	0	0	-9999	-9999	0.0000
18182.2	1592	734	151	1440	4	728	1290	725	0.671875	0.671296	0.086	19.6881	ok	0	0	0	-9999	-9999	0.0000
18228.9	1592	734	151	1440	4	728	1290	725	0.671875	0.671296	0.086	22.7675	ok	0	0	0	-9999	-9999	0.0000
18275.2	1592	734	151	1440	4	728	1290	725	0.671875	0.671296	0.086	26.2553	ok	0	0	0	-9999	-9999	0.0000
18321.3	1592	734	151	1440	4	728	1290	725	0.671875	0.671296	0.086	13.9549	ok	0	0	0	-9999	-9999	0.0000
18352.6	1592	734	151	1440	4	728	1290	725	0.671875	0.671296	0.086	15.8143	ok	0	0	0	-9999	-9999	0.0000
18399.2	1592	734	151	1440	4	728	1290	725	0.671875	0.671296	0.086	20.3374	ok	0	0	0	-9999	-9999	0.0000
18445.7	1592	734	151	1440	4	728	1290	725	0.671875	0.671296	0.086	23.4045	ok	0	0	0	-9999	-9999	0.0000
18492.2	1592	734	151	1440	4	728	1290	725	0.671875	0.671296	0.086	25.9724	ok	0	0	0	-9999	-9999	0.0000
18539.9	1592	734	151	1440	4	728	1290	725	0.671875	0.671296	0.086	30.0820	ok	0	0	0	-9999	-9999	0.0000
18587.0	1592	734	151	1440	4	728	1290	725	0.671875	0.671296	0.086	14.9008	ok	0	0	0	-9999	-9999	0.0000
18633.4	1592	734	208	1336	50	684	1129	635	0.588021	0.587963	0.010	19.1877	ok	0	0	0	-9999	-9999	0.0000
18680.6	1592	734	312	1151	133	604	840	472	0.437500	0.437037	0.106	21.4815	ok	0	0	0	-9999	-9999	0.0000
18727.7	1592	734	312	1151	133	604	840	472	0.437500	0.437037	0.106	24.3769	ok	0	0	0	-9999	-9999	0.0000
18775.0	1592	734	312	1151	133	604	840	472	0.437500	0.437037	0.106	26.8516	ok	0	0	0	-9999	-9999	0.0000
18822.3	1592	734	312	1151	133	604	840	472	0.437500	0.437037	0.106	13.2950	ok	0	0	0	-9999	-9999	0.0000
18853.4	1592	734	312	1151	133	604	840	472	0.437500	0.437037	0.106	15.4698	ok	0	0	0	-9999	-9999	0.0000
18885.1	1592	734	312	1151	133	604	840	472	0.437500	0.437037	0.106	17.2206	ok	0	0	0	-9999	-9999	0.0000
18932.1	1592	734	312	1151	133	604	840	472	0.437500	0.437037	0.106	20.0280	ok	0	0	0	-9999	-9999	0.0000
18979.7	1592	734	355	1089	163	575	735	413	0.382812	0.382407	0.106	22.6771	ok	0	0	0	-9999	-9999	0.0000
19026.4	1592	734	393	1032	190	549	640	360	0.333333	0.333333	0.000	26.8410	ok	0	0	0	-9999	-9999	0.0000
19072.2	1592	734	393	1032	190	549	640	360	0.333333	0.333333	0.000	13.4623	ok	0	0	0	-9999	-9999	0.0000
19103.0	1592	734	393	1032	190	549	640	360	0.333333	0.333333	0.000	15.3618	ok	0	0	0	-9999	-9999	0.0000
19134.7	1592	734	393	1032	190	549	640	360	0.333333	0.333333	0.000	17.4495	ok	0	0	0	-9999	-9999	0.0000
19180.5	1592	734	393	1032	190	549	640	360	0.333333	0.333333	0.000	21.1896	ok	0	0	0	-9999	-9999	0.0000
19227.5	1592	734	393	1032	190	549	640	360	0.333333	0.333333	0.000	25.7108	ok	0	0	0	-9999	-9999	0.0000
19274.8	1592	734	442	1081	183	542	640	360	0.333333	0.333333	0.000	28.4395	ok	0	0	0	-9999	-9999	0.0000
19320.9	1592	734	486	1125	183	542	640	360	0.333333	0.333333	0.000	15.1945	ok	0	0	0	-9999	-9999	0.0000
19366.9	1592	734	559	1198	183	542	640	360	0.333333	0.333333	0.000	18.9473	ok	0	0	0	-9999	-9999	0.0000
19413.3	1592	734	606	1245	182	541	640	360	0.333333	0.333333	0.000	22.2801	ok	0	0	0	-9999	-9999	0.0000
19461.1	1592	734	626	1265	176	535	640	360	0.333333	0.333333	0.000	25.4281	ok	0	0	0	-9999	-9999	0.0000
19508.4	1592	734	648	1287	171	530	640	360	0.333333	0.333333	0.000	27.4785	ok	0	0	0	-9999	-9999	0.0000
19555.1	1592	734	666	1305	167	526	640	360	0.333333	0.333333	0.000	15.2637	ok	0	0	0	-9999	-9999	0.0000
19601.3	1592	734	692	1333	156	515	642	360	0.334375	0.333333	0.312	15.3673	ok	0	0	0	-9999	-9999	0.0000
19647.4	1592	734	708	1349	149	508	642	360	0.334375	0.333333	0.312	18.9203	ok	0	0	0	-9999	-9999	0.0000
19693.7	1592	734	708	1349	149	508	642	360	0.334375	0.333333	0.312	22.4910	ok	0	0	0	-9999	-9999	0.0000
19739.3	1592	734	708	1349	149	508	642	360	0.334375	0.333333	0.312	10.6672	ok	0	0	0	-9999	-9999	0.0000
19770.5	1592	734	708	1349	149	508	642	360	0.334375	0.333333	0.312	12.6419	ok	0	0	0	-9999	-9999	0.0000
19801.1	1592	734	708	1349	149	508	642	360	0.334375	0.333333	0.312	15.2331	ok	0	0	0	-9999	-9999	0.0000
19846.8	1592	734	708	1349	149	508	642	360	0.334375	0.333333	0.312	19.8409	ok	0	0	0	-9999	-9999	0.0000
19893.8	1592	734	698	1339	151	510	642	360	0.334375	0.333333	0.312	23.4450	ok	0	0	0	-9999	-9999	0.0000
19941.3	1592	734	661	1302	153	512	642	360	0.334375	0.333333	0.312	25.7083	ok	0	0	0	-9999	-9999	0.0000
19988.8	1592	734	605	1246	153	512	642	360	0.334375	0.333333	0.312	11.3052	ok	0	0	0	-9999	-9999	0.0000
20019.8	1592	734	533	1172	157	516	640	360	0.333333	0.333333	0.000	13.6773	ok	0	0	0	-9999	-9999	0.0000
20051.3	1592	734	457	1096	171	530	640	360	0.333333	0.333333	0.000	16.8992	ok	0	0	0	-9999	-9999	0.0000
20098.4	1592	734	368	1007	188	547	640	360	0.333333	0.333333	0.000	18.8593	ok	0	0	0	-9999	-9999	0.0000
20145.3	1592	734	331	970	201	560	640	360	0.333333	0.333333	0.000	21.2885	ok	0	0	0	-9999	-9999	0.0000
20192.2	1592	734	327	966	202	561	640	360	0.333333	0.333333	0.000	24.2825	ok	0	0	0	-9999	-9999	0.0000
20239.7	1592	734	327	966	202	561	640	360	0.333333	0.333333	0.000	26.6264	ok	0	0	0	-9999	-9999	0.0000
20286.7	1592	734	328	967	202	561	640	360	0.333333	0.333333	0.000	13.5117	ok	0	0	0	-9999	-9999	0.0000
20317.8	1592	734	328	967	202	561	640	360	0.333333	0.333333	0.000	15.1619	ok	0	0	0	-9999	-9999	0.0000
20363.9	1592	734	328	967	202	561	640	360	0.333333	0.333333	0.000	18.9736	ok	0	0	0	-9999	-9999	0.0000
20410.4	1592	734	328	967	202	561	640	360	0.333333	0.333333	0.000	22.9155	ok	0	0	0	-9999	-9999	0.0000
20457.6	1592	734	328	967	202	561	640	360	0.333333	0.333333	0.000	26.3928	ok	0	0	0	-9999	-9999	0.0000
20504.6	1592	734	301	1020	172	576	720	405	0.375000	0.375000	0.000	11.5657	ok	0	0	0	-9999	-9999	0.0000
20534.9	1592	734	270	1079	139	593	810	455	0.421875	0.421296	0.137	14.9568	ok	0	0	0	-9999	-9999	0.0000
20566.6	1592	734	218	1177	83	622	960	540	0.500000	0.500000	0.000	18.3839	ok	0	0	0	-9999	-9999	0.0000
20613.2	1592	734	218	1177	83	622	960	540	0.500000	0.500000	0.000	20.9254	ok	0	0	0	-9999	-9999	0.0000
20659.1	1592	734	218	1177	83	622	960	540	0.500000	0.500000	0.000	24.4222	ok	0	0	0	-9999	-9999	0.0000
20706.4	1592	734	218	1177	83	622	960	540	0.500000	0.500000	0.000	26.9329	ok	0	0	0	-9999	-9999	0.0000
20753.3	1592	734	218	1177	83	622	960	540	0.500000	0.500000	0.000	12.9816	ok	0	0	0	-9999	-9999	0.0000
20784.5	1592	734	218	1177	83	622	960	540	0.500000	0.500000	0.000	16.0171	ok	0	0	0	-9999	-9999	0.0000
20831.7	1592	734	218	1177	83	622	960	540	0.500000	0.500000	0.000	18.3568	ok	0	0	0	-9999	-9999	0.0000
20877.9	1592	734	218	1177	83	622	960	540	0.500000	0.500000	0.000	22.3670	ok	0	0	0	-9999	-9999	0.0000
20925.2	1592	734	218	1177	83	622	960	540	0.500000	0.500000	0.000	24.9763	ok	0	0	0	-9999	-9999	0.0000
20971.7	1592	734	218	1177	83	622	960	540	0.500000	0.500000	0.000	11.7306	ok	0	0	0	-9999	-9999	0.0000
21002.9	1592	734	260	1099	127	598	840	472	0.437500	0.437037	0.106	13.3121	ok	0	0	0	-9999	-9999	0.0000
21035.1	1592	734	260	1099	127	598	840	472	0.437500	0.437037	0.106	14.7378	ok	0	0	0	-9999	-9999	0.0000
21067.9	1592	734	260	1099	127	598	840	472	0.437500	0.437037	0.106	15.0193	ok	0	0	0	-9999	-9999	0.0000
21113.9	1592	734	260	1099	127	598	840	472	0.437500	0.437037	0.106	22.2536	ok	0	0	0	-9999	-9999	0.0000
21161.2	1592	734	296	1030	166	578	735	413	0.382812	0.382407	0.106	21.9373	ok	0	0	0	-9999	-9999	0.0000
21207.3	1592	734	296	1030	166	578	735	413	0.382812	0.382407	0.106	26.6299	ok	0	0	0	-9999	-9999	0.0000
21254.4	1592	734	328	967	202	561	640	360	0.333333	0.333333	0.000	11.8289	ok	0	0	0	-9999	-9999	0.0000
21285.4	1592	734	328	967	202	561	640	360	0.333333	0.333333	0.000	14.5528	ok	0	0	0	-9999	-9999	0.0000
21317.3	1592	734	328	967	202	561	640	360	0.333333	0.333333	0.000	15.7845	ok	0	0	0	-9999	-9999	0.0000
21363.1	1592	734	328	967	202	561	640	360	0.333333	0.333333	0.000	21.7874	ok	0	0	0	-9999	-9999	0.0000
21409.0	1592	734	328	967	202	561	640	360	0.333333	0.333333	0.000	25.6640	ok	0	0	0	-9999	-9999	0.0000
21455.9	1592	734	328	967	202	561	640	360	0.333333	0.333333	0.000	12.0469	ok	0	0	0	-9999	-9999	0.0000
21486.4	1592	734	328	967	202	561	640	360	0.333333	0.333333	0.000	15.3810	ok	0	0	0	-9999	-9999	0.0000
21518.0	1592	734	328	967	202	561	640	360	0.333333	0.333333	0.000	17.1992	ok	0	0	0	-9999	-9999	0.0000
21564.4	1592	734	328	967	202	561	640	360	0.333333	0.333333	0.000	20.5098	ok	0	0	0	-9999	-9999	0.0000
21610.4	1592	734	321	960	201	562	640	362	0.333333	0.335185	0.552	26.7305	ok	0	0	0	-9999	-9999	0.0000
21657.4	1592	734	306	945	200	561	640	362	0.333333	0.335185	0.552	28.2347	ok	0	0	0	-9999	-9999	0.0000
21704.1	1592	734	282	921	194	555	640	362	0.333333	0.335185	0.552	14.8839	ok	0	0	0	-9999	-9999	0.0000
21736.0	1592	734	258	897	187	548	640	362	0.333333	0.335185	0.552	15.5703	ok	0	0	0	-9999	-9999	0.0000
21782.4	1592	734	227	866	175	536	640	362	0.333333	0.335185	0.552	18.1653	ok	0	0	0	-9999	-9999	0.0000
21829.1	1592	734	224	863	174	535	640	362	0.333333	0.335185	0.552	21.2707	ok	0	0	0	-9999	-9999	0.0000
21876.5	1592	734	224	863	174	535	640	362	0.333333	0.335185	0.552	23.3806	ok	0	0	0	-9999	-9999	0.0000
21923.6	1592	734	227	866	174	535	640	362	0.333333	0.335185	0.552	27.2573	ok	0	0	0	-9999	-9999	0.0000
21969.6	1592	734	229	868	178	539	640	362	0.333333	0.335185	0.552	16.3117	ok	0	0	0	-9999	-9999	0.0000
22015.8	1592	734	230	869	182	543	640	362	0.333333	0.335185	0.552	17.0694	ok	0	0	0	-9999	-9999	0.0000
22062.4	1592	734	231	870	183	544	640	362	0.333333	0.335185	0.552	22.8637	ok	0	0	0	-9999	-9999	0.0000
22108.2	1592	734	231	870	183	544	640	362	0.333333	0.335185	0.552	29.0951	ok	0	0	0	-9999	-9999	0.0000
22155.8	1592	734	231	870	183	544	640	362	0.333333	0.335185	0.552	11.4586	ok	0	0	0	-9999	-9999	0.0000
22187.4	1592	734	231	870	183	544	640	362	0.333333	0.335185	0.552	12.2220	ok	0	0	0	-9999	-9999	0.0000
22219.4	1592	734	231	870	183	544	640	362	0.333333	0.335185	0.552	13.5985	ok	0	0	0	-9999	-9999	0.0000
22251.1	1592	734	231	870	183	544	640	362	0.333333	0.335185	0.552	15.1708	ok	0	0	0	-9999	-9999	0.0000
22298.1	1592	734	231	870	183	544	640	362	0.333333	0.335185	0.552	18.1329	ok	0	0	0	-9999	-9999	0.0000
22345.4	1592	734	231	870	183	544	640	362	0.333333	0.335185	0.552	21.1131	ok	0	0	0	-9999	-9999	0.0000
22392.3	1592	734	231	870	183	544	640	362	0.333333	0.335185	0.552	24.2544	ok	0	0	0	-9999	-9999	0.0000
22438.5	1592	734	231	870	184	543	640	360	0.333333	0.333333	0.000	11.9179	ok	0	0	0	-9999	-9999	0.0000
22469.2	1592	734	231	870	184	543	640	360	0.333333	0.333333	0.000	13.7921	ok	0	0	0	-9999	-9999	0.0000
22499.6	1592	734	231	870	184	543	640	360	0.333333	0.333333	0.000	17.8349	ok	0	0	0	-9999	-9999	0.0000
22544.9	1592	734	231	870	184	543	640	360	0.333333	0.333333	0.000	22.2453	ok	0	0	0	-9999	-9999	0.0000
22590.2	1592	734	231	870	184	543	640	360	0.333333	0.333333	0.000	27.2343	ok	0	0	0	-9999	-9999	0.0000
22637.2	1592	734	231	870	184	543	640	360	0.333333	0.333333	0.000	14.3795	ok	0	0	0	-9999	-9999	0.0000
22668.0	1592	734	231	870	184	543	640	360	0.333333	0.333333	0.000	15.0558	ok	0	0	0	-9999	-9999	0.0000
22714.3	1592	734	231	870	184	543	640	360	0.333333	0.333333	0.000	18.9184	ok	0	0	0	-9999	-9999	0.0000
22761.2	1592	734	231	870	184	543	640	360	0.333333	0.333333	0.000	22.2296	ok	0	0	0	-9999	-9999	0.0000
22808.3	1592	734	231	870	184	543	640	360	0.333333	0.333333	0.000	25.3140	ok	0	0	0	-9999	-9999	0.0000
22855.3	1592	734	231	870	184	543	640	360	0.333333	0.333333	0.000	11.3099	ok	0	0	0	-9999	-9999	0.0000
22887.4	1592	734	231	870	184	543	640	360	0.333333	0.333333	0.000	12.3273	ok	0	0	0	-9999	-9999	0.0000
22918.6	1592	734	231	870	184	543	640	360	0.333333	0.333333	0.000	14.4688	ok	0	0	0	-9999	-9999	0.0000
22950.3	1592	734	231	870	184	543	640	360	0.333333	0.333333	0.000	16.7960	ok	0	0	0	-9999	-9999	0.0000
22997.1	1592	734	231	870	184	543	640	360	0.333333	0.333333	0.000	19.7563	ok	0	0	0	-9999	-9999	0.0000
23045.3	1592	734	231	870	184	543	640	360	0.333333	0.333333	0.000	21.1883	ok	0	0	0	-9999	-9999	0.0000
23092.2	1592	733	231	870	183	542	640	360	0.333333	0.333333	0.000	25.5665	ok	0	0	0	-9999	-9999	0.0000
23139.5	1592	732	231	870	183	542	640	360	0.333333	0.333333	0.000	28.9789	ok	0	0	0	-9999	-9999	0.0000
23185.1	1592	724	231	870	179	538	640	360	0.333333	0.333333	0.000	16.5581	ok	0	0	0	-9999	-9999	0.0000
23232.7	1592	675	231	870	154	513	640	360	0.333333	0.333333	0.000	18.8248	ok	0	0	0	-9999	-9999	0.0000
23279.6	1592	649	231	870	141	500	640	360	0.333333	0.333333	0.000	20.8052	ok	0	0	0	-9999	-9999	0.0000
23327.4	1592	612	231	870	123	482	640	360	0.333333	0.333333	0.000	23.6744	ok	0	0	0	-9999	-9999	0.0000
23373.9	1592	597	231	870	108	467	640	360	0.333333	0.333333	0.000	26.4018	ok	0	0	0	-9999	-9999	0.0000
23419.7	1592	575	231	870	104	463	640	360	0.333333	0.333333	0.000	14.0838	ok	0	0	0	-9999	-9999	0.0000
23450.9	1592	570	231	870	102	461	640	360	0.333333	0.333333	0.000	16.3451	ok	0	0	0	-9999	-9999	0.0000
23497.4	1592	569	231	870	101	460	640	360	0.333333	0.333333	0.000	18.6072	ok	0	0	0	-9999	-9999	0.0000
23544.2	1592	569	231	870	101	460	640	360	0.333333	0.333333	0.000	21.6172	ok	0	0	0	-9999	-9999	0.0000
23591.9	1592	568	231	870	101	460	640	360	0.333333	0.333333	0.000	24.9869	ok	0	0	0	-9999	-9999	0.0000
23639.0	1592	568	231	870	101	460	640	360	0.333333	0.333333	0.000	10.8969	ok	0	0	0	-9999	-9999	0.0000
23670.4	1592	568	231	870	101	460	640	360	0.333333	0.333333	0.000	11.9162	ok	0	0	0	-9999	-9999	0.0000
23700.4	1592	568	231	870	101	460	640	360	0.333333	0.333333	0.000	15.1259	ok	0	0	0	-9999	-9999	0.0000
23732.1	1592	568	231	870	100	461	640	362	0.333333	0.335185	0.552	17.2226	ok	0	0	0	-9999	-9999	0.0000
23780.3	1592	568	231	870	100	461	640	362	0.333333	0.335185	0.552	21.5143	ok	0	0	0	-9999	-9999	0.0000
23827.6	1592	568	231	870	100	461	640	362	0.333333	0.335185	0.552	23.2698	ok	0	0	0	-9999	-9999	0.0000
23875.5	1592	568	240	879	100	461	640	362	0.333333	0.335185	0.552	25.5238	ok	0	0	0	-9999	-9999	0.0000
23922.4	1592	568	262	901	100	461	640	362	0.333333	0.335185	0.552	11.7385	ok	0	0	0	-9999	-9999	0.0000
23953.2	1592	568	293	932	100	461	640	362	0.333333	0.335185	0.552	14.8811	ok	0	0	0	-9999	-9999	0.0000
23999.4	1592	568	346	985	101	460	640	360	0.333333	0.333333	0.000	18.1092	ok	0	0	0	-9999	-9999	0.0000
24047.0	1592	568	387	1026	101	460	640	360	0.333333	0.333333	0.000	21.3208	ok	0	0	0	-9999	-9999	0.0000
24094.3	1592	568	409	1048	101	460	640	360	0.333333	0.333333	0.000	23.7358	ok	0	0	0	-9999	-9999	0.0000
24141.4	1592	568	416	1055	102	461	640	360	0.333333	0.333333	0.000	25.8675	ok	0	0	0	-9999	-9999	0.0000
24189.6	1592	568	433	1072	106	465	640	360	0.333333	0.333333	0.000	26.0986	ok	0	0	0	-9999	-9999	0.0000
24237.2	1592	568	439	1078	108	467	640	360	0.333333	0.333333	0.000	12.1512	ok	0	0	0	-9999	-9999	0.0000
24269.0	1592	568	443	1082	109	468	640	360	0.333333	0.333333	0.000	13.4587	ok	0	0	0	-9999	-9999	0.0000
24300.4	1592	568	446	1085	109	468	640	360	0.333333	0.333333	0.000	15.1217	ok	0	0	0	-9999	-9999	0.0000
24332.4	1592	568	446	1085	109	468	640	360	0.333333	0.333333	0.000	16.5130	ok	0	0	0	-9999	-9999	0.0000
24378.2	1592	568	446	1085	109	468	640	360	0.333333	0.333333	0.000	20.3071	ok	0	0	0	-9999	-9999	0.0000
24424.7	1592	568	446	1085	109	468	640	360	0.333333	0.333333	0.000	24.2043	ok	0	0	0	-9999	-9999	0.0000
24472.9	1592	568	446	1085	109	468	640	360	0.333333	0.333333	0.000	25.7285	ok	0	0	0	-9999	-9999	0.0000
24519.6	1592	568	446	1085	109	468	640	360	0.333333	0.333333	0.000	12.5430	ok	0	0	0	-9999	-9999	0.0000
24550.6	1592	568	446	1085	109	468	640	360	0.333333	0.333333	0.000	14.9538	ok	0	0	0	-9999	-9999	0.0000
24596.6	1592	568	446	1085	109	468	640	360	0.333333	0.333333	0.000	18.9666	ok	0	0	0	-9999	-9999	0.0000
24643.5	1592	568	446	1085	109	468	640	360	0.333333	0.333333	0.000	23.2300	ok	0	0	0	-9999	-9999	0.0000
24691.3	1592	568	446	1085	109	468	640	360	0.333333	0.333333	0.000	24.9848	ok	0	0	0	-9999	-9999	0.0000
24738.4	1592	568	446	1085	109	468	640	360	0.333333	0.333333	0.000	10.2320	ok	0	0	0	-9999	-9999	0.0000
24770.2	1592	568	446	1085	109	468	640	360	0.333333	0.333333	0.000	11.9194	ok	0	0	0	-9999	-9999	0.0000
24801.7	1592	568	446	1085	109	468	640	360	0.333333	0.333333	0.000	14.4057	ok	0	0	0	-9999	-9999	0.0000
24833.7	1592	568	446	1085	109	468	640	360	0.333333	0.333333	0.000	15.4727	ok	0	0	0	-9999	-9999	0.0000
24880.3	1592	568	446	1085	109	468	640	360	0.333333	0.333333	0.000	18.4899	ok	0	0	0	-9999	-9999	0.0000
24927.1	1592	568	446	1085	109	468	640	360	0.333333	0.333333	0.000	22.7150	ok	0	0	0	-9999	-9999	0.0000
24974.8	1592	568	446	1085	109	468	640	360	0.333333	0.333333	0.000	25.7174	ok	0	0	0	-9999	-9999	0.0000
25021.0	1592	568	316	1275	14	553	960	540	0.500000	0.500000	0.000	11.8141	ok	0	0	0	-9999	-9999	0.0000
25051.6	1592	568	316	1275	14	553	960	540	0.500000	0.500000	0.000	14.0669	ok	0	0	0	-9999	-9999	0.0000
25083.1	1592	568	316	1275	14	553	960	540	0.500000	0.500000	0.000	15.9602	ok	0	0	0	-9999	-9999	0.0000
25130.6	1592	568	316	1275	14	553	960	540	0.500000	0.500000	0.000	19.4849	ok	0	0	0	-9999	-9999	0.0000
25177.1	1592	568	316	1275	14	553	960	540	0.500000	0.500000	0.000	22.6824	ok	0	0	0	-9999	-9999	0.0000
25223.5	1592	568	316	1275	14	553	960	540	0.500000	0.500000	0.000	25.7189	ok	0	0	0	-9999	-9999	0.0000
25270.5	1592	568	316	1275	14	553	960	540	0.500000	0.500000	0.000	11.4200	ok	0	0	0	-9999	-9999	0.0000
25301.4	1592	568	316	1275	14	553	960	540	0.500000	0.500000	0.000	14.1773	ok	0	0	0	-9999	-9999	0.0000
25332.0	1592	568	316	1275	14	553	960	540	0.500000	0.500000	0.000	16.8487	ok	0	0	0	-9999	-9999	0.0000
25377.8	1592	568	316	1275	14	553	960	540	0.500000	0.500000	0.000	21.8959	ok	0	0	0	-9999	-9999	0.0000
25424.5	1592	568	316	1275	14	553	960	540	0.500000	0.500000	0.000	24.7377	ok	0	0	0	-9999	-9999	0.0000
25471.8	1592	568	316	1275	14	553	960	540	0.500000	0.500000	0.000	10.2265	ok	0	0	0	-9999	-9999	0.0000
25502.5	1592	568	316	1275	14	553	960	540	0.500000	0.500000	0.000	12.9601	ok	0	0	0	-9999	-9999	0.0000
25534.1	1592	568	316	1275	14	553	960	540	0.500000	0.500000	0.000	14.9491	ok	0	0	0	-9999	-9999	0.0000
25566.2	1592	568	316	1275	14	553	960	540	0.500000	0.500000	0.000	16.0825	ok	0	0	0	-9999	-9999	0.0000
25612.6	1592	568	316	1275	14	553	960	540	0.500000	0.500000	0.000	20.0440	ok	0	0	0	-9999	-9999	0.0000
25659.2	1592	568	316	1275	14	553	960	540	0.500000	0.500000	0.000	24.5285	ok	0	0	0	-9999	-9999	0.0000
25706.8	1592	568	316	1275	14	553	960	540	0.500000	0.500000	0.000	25.4196	ok	0	0	0	-9999	-9999	0.0000
25752.7	1592	568	316	1275	14	553	960	540	0.500000	0.500000	0.000	13.5970	ok	0	0	0	-9999	-9999	0.0000
25784.2	1592	568	316	1275	14	553	960	540	0.500000	0.500000	0.000	15.2750	ok	0	0	0	-9999	-9999	0.0000
25815.8	1592	568	363	1202	68	539	840	472	0.437500	0.437037	0.106	16.5049	ok	0	0	0	-9999	-9999	0.0000
25863.1	1592	568	404	1138	116	528	735	413	0.382812	0.382407	0.106	19.1450	ok	0	0	0	-9999	-9999	0.0000
25908.9	1592	568	404	1138	116	528	735	413	0.382812	0.382407	0.106	23.4728	ok	0	0	0	-9999	-9999	0.0000
25956.7	1592	568	404	1138	116	528	735	413	0.382812	0.382407	0.106	27.9090	ok	0	0	0	-9999	-9999	0.0000
26003.5	1592	568	442	1081	160	519	640	360	0.333333	0.333333	0.000	13.7231	ok	0	0	0	-9999	-9999	0.0000
26034.2	1592	568	442	1081	160	519	640	360	0.333333	0.333333	0.000	16.2721	ok	0	0	0	-9999	-9999	0.0000
26082.2	1592	568	442	1081	160	519	640	360	0.333333	0.333333	0.000	18.8200	ok	0	0	0	-9999	-9999	0.0000
26129.8	1592	568	430	1069	160	519	640	360	0.333333	0.333333	0.000	22.1102	ok	0	0	0	-9999	-9999	0.0000
26176.7	1592	568	415	1054	160	519	640	360	0.333333	0.333333	0.000	25.6020	ok	0	0	0	-9999	-9999	0.0000
26223.6	1592	568	380	1019	160	519	640	360	0.333333	0.333333	0.000	28.1563	ok	0	0	0	-9999	-9999	0.0000
26269.7	1592	568	351	990	160	519	640	360	0.333333	0.333333	0.000	16.4244	ok	0	0	0	-9999	-9999	0.0000
26315.5	1592	568	295	934	159	520	640	362	0.333333	0.335185	0.552	19.0247	ok	0	0	0	-9999	-9999	0.0000
26362.7	1592	568	223	862	147	508	640	362	0.333333	0.335185	0.552	20.8400	ok	0	0	0	-9999	-9999	0.0000
26408.8	1592	568	149	788	0	0	0	0	0.000000	0.000000	0.000	23.8280	no_edge	0	0	0	-9999	-9999	0.0000
26454.8	1592	568	107	746	0	0	0	0	0.000000	0.000000	0.000	11.0156	no_edge	0	0	0	-9999	-9999	0.0000
26485.5	1592	568	85	724	0	0	0	0	0.000000	0.000000	0.000	13.7894	no_edge	0	0	0	-9999	-9999	0.0000
26516.8	1592	568	77	716	0	0	0	0	0.000000	0.000000	0.000	15.6609	no_edge	0	0	0	-9999	-9999	0.0000
26563.8	1592	568	73	712	0	0	0	0	0.000000	0.000000	0.000	18.4162	no_edge	0	0	0	-9999	-9999	0.0000
26611.1	1592	568	73	712	0	0	0	0	0.000000	0.000000	0.000	21.5273	no_edge	0	0	0	-9999	-9999	0.0000
26657.9	1592	568	73	712	0	0	0	0	0.000000	0.000000	0.000	25.7449	no_edge	0	0	0	-9999	-9999	0.0000
26705.0	1592	568	73	712	0	0	0	0	0.000000	0.000000	0.000	10.7933	no_edge	0	0	0	-9999	-9999	0.0000
26735.2	1592	568	77	716	0	0	0	0	0.000000	0.000000	0.000	13.8420	no_edge	0	0	0	-9999	-9999	0.0000
26766.5	1592	568	82	721	0	0	0	0	0.000000	0.000000	0.000	15.9481	no_edge	0	0	0	-9999	-9999	0.0000
26813.5	1592	568	117	756	0	0	0	0	0.000000	0.000000	0.000	19.4646	no_edge	0	0	0	-9999	-9999	0.0000
26860.0	1592	568	205	844	0	0	0	0	0.000000	0.000000	0.000	22.8124	no_edge	0	0	0	-9999	-9999	0.0000
26905.9	1592	568	285	924	126	487	640	362	0.333333	0.335185	0.552	10.0214	ok	0	0	0	-9999	-9999	0.0000
26936.8	1592	568	320	959	128	489	640	362	0.333333	0.335185	0.552	12.6388	ok	0	0	0	-9999	-9999	0.0000
26968.8	1592	568	348	987	131	490	640	360	0.333333	0.333333	0.000	13.9543	ok	0	0	0	-9999	-9999	0.0000
27000.1	1592	568	363	1002	131	490	640	360	0.333333	0.333333	0.000	15.7078	ok	0	0	0	-9999	-9999	0.0000
27032.2	1592	568	376	1015	132	491	640	360	0.333333	0.333333	0.000	17.0605	ok	0	0	0	-9999	-9999	0.0000
27079.8	1592	568	401	1040	137	496	640	360	0.333333	0.333333	0.000	19.7618	ok	0	0	0	-9999	-9999	0.0000
27127.5	1592	568	422	1061	142	501	640	360	0.333333	0.333333	0.000	22.1020	ok	0	0	0	-9999	-9999	0.0000
27174.5	1592	568	426	1065	142	501	640	360	0.333333	0.333333	0.000	25.3547	ok	0	0	0	-9999	-9999	0.0000
27221.5	1592	568	426	1065	142	501	640	360	0.333333	0.333333	0.000	11.2144	ok	0	0	0	-9999	-9999	0.0000
27252.6	1592	568	394	1113	106	510	720	405	0.375000	0.375000	0.000	12.8599	ok	0	0	0	-9999	-9999	0.0000
27282.9	1592	568	359	1168	65	519	810	455	0.421875	0.421296	0.137	16.2161	ok	0	0	0	-9999	-9999	0.0000
27329.6	1592	568	359	1168	65	519	810	455	0.421875	0.421296	0.137	19.3097	ok	0	0	0	-9999	-9999	0.0000
27376.7	1592	568	299	1258	0	0	0	0	0.000000	0.000000	0.000	22.1756	no_edge	0	0	0	-9999	-9999	0.0000
27424.1	1592	568	299	1258	0	0	0	0	0.000000	0.000000	0.000	24.9208	no_edge	0	0	0	-9999	-9999	0.0000
27470.6	1592	568	299	1258	0	0	0	0	0.000000	0.000000	0.000	11.8429	no_edge	0	0	0	-9999	-9999	0.0000
27501.8	1592	568	299	1258	0	0	0	0	0.000000	0.000000	0.000	13.4705	no_edge	0	0	0	-9999	-9999	0.0000
27533.4	1592	568	299	1258	0	0	0	0	0.000000	0.000000	0.000	15.4886	no_edge	0	0	0	-9999	-9999	0.0000
27579.7	1592	568	299	1258	0	0	0	0	0.000000	0.000000	0.000	19.4966	no_edge	0	0	0	-9999	-9999	0.0000
27626.2	1592	568	299	1258	0	0	0	0	0.000000	0.000000	0.000	23.2599	no_edge	0	0	0	-9999	-9999	0.0000
27673.3	1592	568	299	1258	0	0	0	0	0.000000	0.000000	0.000	26.0140	no_edge	0	0	0	-9999	-9999	0.0000
27719.8	1592	568	299	1258	0	0	0	0	0.000000	0.000000	0.000	13.3561	no_edge	0	0	0	-9999	-9999	0.0000
27750.0	1592	568	299	1258	0	0	0	0	0.000000	0.000000	0.000	15.2927	no_edge	0	0	0	-9999	-9999	0.0000
27781.8	1592	568	299	1258	0	0	0	0	0.000000	0.000000	0.000	17.3700	no_edge	0	0	0	-9999	-9999	0.0000
27828.9	1592	568	285	1244	15	554	960	540	0.500000	0.500000	0.000	20.5382	ok	0	0	0	-9999	-9999	0.0000
27875.2	1592	568	265	1224	0	0	0	0	0.000000	0.000000	0.000	24.4237	no_edge	0	0	0	-9999	-9999	0.0000
27922.8	1592	568	253	1212	0	0	0	0	0.000000	0.000000	0.000	26.4836	no_edge	0	0	0	-9999	-9999	0.0000
27969.3	1592	568	251	1210	0	0	0	0	0.000000	0.000000	0.000	13.3667	no_edge	0	0	0	-9999	-9999	0.0000
28000.0	1592	568	250	1209	0	0	0	0	0.000000	0.000000	0.000	15.6996	no_edge	0	0	0	-9999	-9999	0.0000
28032.0	1592	568	250	1209	0	0	0	0	0.000000	0.000000	0.000	16.7606	no_edge	0	0	0	-9999	-9999	0.0000
28079.2	1592	568	249	1208	0	0	0	0	0.000000	0.000000	0.000	20.2568	no_edge	0	0	0	-9999	-9999	0.0000
28125.7	1592	568	247	1206	0	0	0	0	0.000000	0.000000	0.000	23.5846	no_edge	0	0	0	-9999	-9999	0.0000
28172.1	1592	568	246	1205	0	0	0	0	0.000000	0.000000	0.000	10.7684	no_edge	0	0	0	-9999	-9999	0.0000
28204.0	1592	568	239	1198	0	0	0	0	0.000000	0.000000	0.000	11.9002	no_edge	0	0	0	-9999	-9999	0.0000
28235.5	1592	568	229	1188	0	0	0	0	0.000000	0.000000	0.000	14.6890	no_edge	0	0	0	-9999	-9999	0.0000
28281.3	1592	568	225	1184	15	554	960	540	0.500000	0.500000	0.000	18.3670	ok	0	0	0	-9999	-9999	0.0000
28328.6	1592	568	225	1184	14	553	960	540	0.500000	0.500000	0.000	20.5641	ok	0	0	0	-9999	-9999	0.0000
28374.9	1592	568	225	1184	14	553	960	540	0.500000	0.500000	0.000	23.9241	ok	0	0	0	-9999	-9999	0.0000
28422.6	1592	568	225	1184	14	553	960	540	0.500000	0.500000	0.000	26.4905	ok	0	0	0	-9999	-9999	0.0000
28469.5	1592	568	225	1184	14	553	960	540	0.500000	0.500000	0.000	13.0386	ok	0	0	0	-9999	-9999	0.0000
28500.0	1592	568	225	1184	14	553	960	540	0.500000	0.500000	0.000	15.5331	ok	0	0	0	-9999	-9999	0.0000
28532.2	1592	568	225	1184	14	553	960	540	0.500000	0.500000	0.000	16.5023	ok	0	0	0	-9999	-9999	0.0000
28578.8	1592	568	225	1184	14	553	960	540	0.500000	0.500000	0.000	20.0506	ok	0	0	0	-9999	-9999	0.0000
28626.0	1592	568	225	1184	14	553	960	540	0.500000	0.500000	0.000	23.1745	ok	0	0	0	-9999	-9999	0.0000
28674.0	1592	568	225	1184	14	553	960	540	0.500000	0.500000	0.000	24.8321	ok	0	0	0	-9999	-9999	0.0000
28721.7	1592	568	225	1184	14	553	960	540	0.500000	0.500000	0.000	11.3717	ok	0	0	0	-9999	-9999	0.0000
28753.9	1592	568	222	1181	14	553	960	540	0.500000	0.500000	0.000	13.7275	ok	0	0	0	-9999	-9999	0.0000
28785.1	1592	568	218	1177	13	552	960	540	0.500000	0.500000	0.000	15.7313	ok	0	0	0	-9999	-9999	0.0000
28831.6	1592	568	207	1166	9	548	960	540	0.500000	0.500000	0.000	19.6852	ok	0	0	0	-9999	-9999	0.0000
28877.7	1592	568	192	1151	0	0	0	0	0.000000	0.000000	0.000	23.3168	no_edge	0	0	0	-9999	-9999	0.0000
28924.0	1592	568	177	1136	0	0	0	0	0.000000	0.000000	0.000	25.6634	no_edge	0	0	0	-9999	-9999	0.0000
28971.2	1592	568	166	1125	0	0	0	0	0.000000	0.000000	0.000	11.7015	no_edge	0	0	0	-9999	-9999	0.0000
29003.3	1592	568	157	1116	0	0	0	0	0.000000	0.000000	0.000	12.6046	no_edge	0	0	0	-9999	-9999	0.0000
29035.2	1592	568	147	1106	0	0	0	0	0.000000	0.000000	0.000	14.4517	no_edge	0	0	0	-9999	-9999	0.0000
29066.3	1592	568	140	1099	0	0	0	0	0.000000	0.000000	0.000	16.0286	no_edge	0	0	0	-9999	-9999	0.0000
29112.9	1592	568	137	1096	0	0	0	0	0.000000	0.000000	0.000	19.8615	no_edge	0	0	0	-9999	-9999	0.0000
29159.7	1592	568	135	1094	0	0	0	0	0.000000	0.000000	0.000	23.0653	no_edge	0	0	0	-9999	-9999	0.0000
29206.9	1592	568	138	1097	3	542	960	540	0.500000	0.500000	0.000	26.6832	ok	0	0	0	-9999	-9999	0.0000
29254.8	1592	568	141	1100	4	543	960	540	0.500000	0.500000	0.000	10.9483	ok	0	0	0	-9999	-9999	0.0000
29285.7	1592	568	143	1102	4	543	960	540	0.500000	0.500000	0.000	12.8900	ok	0	0	0	-9999	-9999	0.0000
29316.9	1592	568	143	1102	4	543	960	540	0.500000	0.500000	0.000	15.1803	ok	0	0	0	-9999	-9999	0.0000
29363.0	1592	568	75	1154	0	0	0	0	0.000000	0.000000	0.000	18.9888	no_edge	0	0	0	-9999	-9999	0.0000
29410.1	1592	568	75	1154	0	0	0	0	0.000000	0.000000	0.000	22.0001	no_edge	0	0	0	-9999	-9999	0.0000
29456.3	1592	568	75	1154	0	0	0	0	0.000000	0.000000	0.000	26.0792	no_edge	0	0	0	-9999	-9999	0.0000
29502.4	1592	568	75	1154	0	0	0	0	0.000000	0.000000	0.000	13.2340	no_edge	0	0	0	-9999	-9999	0.0000
29534.4	1592	568	75	1154	0	0	0	0	0.000000	0.000000	0.000	14.3985	no_edge	0	0	0	-9999	-9999	0.0000
29566.0	1592	568	75	1154	0	0	0	0	0.000000	0.000000	0.000	16.3978	no_edge	0	0	0	-9999	-9999	0.0000
29612.5	1592	568	75	1154	0	0	0	0	0.000000	0.000000	0.000	19.6057	no_edge	0	0	0	-9999	-9999	0.0000
29659.6	1592	568	75	1154	0	0	0	0	0.000000	0.000000	0.000	23.2362	no_edge	0	0	0	-9999	-9999	0.0000
29706.5	1592	568	75	1154	0	0	0	0	0.000000	0.000000	0.000	25.6553	no_edge	0	0	0	-9999	-9999	0.0000
29752.7	1592	568	69	1148	0	0	0	0	0.000000	0.000000	0.000	16.0991	no_edge	0	0	0	-9999	-9999	0.0000
29798.1	1592	568	60	1139	0	0	0	0	0.000000	0.000000	0.000	17.7565	no_edge	0	0	0	-9999	-9999	0.0000
29844.3	1592	568	47	1126	0	0	0	0	0.000000	0.000000	0.000	22.8104	no_edge	0	0	0	-9999	-9999	0.0000
29891.6	1592	568	43	1122	0	0	0	0	0.000000	0.000000	0.000	24.1737	no_edge	0	0	0	-9999	-9999	0.0000
29938.9	1592	568	42	1121	0	0	0	0	0.000000	0.000000	0.000	9.9051	no_edge	0	0	0	-9999	-9999	0.0000
29970.2	1592	568	42	1121	0	0	0	0	0.000000	0.000000	0.000	12.4782	no_edge	0	0	0	-9999	-9999	0.0000
