frame	probe_ms	comp_l	green_l	slip	status
840	5039.0	588	590	2	ok
841	5055.7	588	590	2	ok
842	5072.3	588	590	2	ok
843	5089.0	588	590	2	ok
844	5105.7	588	590	2	ok
845	5122.3	588	590	2	ok
846	5139.0	588	590	2	ok
847	5155.7	588	590	2	ok
848	5172.3	588	590	2	ok
849	5189.0	588	590	2	ok
850	5205.7	588	590	2	ok
851	5222.3	588	590	2	ok
852	5239.0	588	590	2	ok
853	5255.7	588	590	2	ok
854	5272.3	588	590	2	ok
855	5289.0	588	590	2	ok
856	5305.7	588	590	2	ok
857	5322.3	588	590	2	ok
858	5339.0	588	590	2	ok
859	5355.7	588	590	2	ok
860	5372.3	588	590	2	ok
861	5389.0	588	590	2	ok
862	5405.7	588	590	2	ok
863	5422.3	588	590	2	ok
864	5439.0	588	590	2	ok
865	5455.7	588	590	2	ok
866	5472.3	588	590	2	ok
867	5489.0	588	590	2	ok
868	5505.7	588	590	2	ok
869	5522.3	588	590	2	ok
870	5539.0	588	590	2	ok
871	5555.7	588	590	2	ok
872	5572.3	588	590	2	ok
873	5589.0	588	590	2	ok
874	5605.7	588	590	2	ok
875	5622.3	588	590	2	ok
876	5639.0	588	590	2	ok
877	5655.7	588	590	2	ok
878	5672.3	588	590	2	ok
879	5689.0	588	590	2	ok
880	5705.7	588	590	2	ok
881	5722.3	588	590	2	ok
882	5739.0	588	590	2	ok
883	5755.7	588	590	2	ok
884	5772.3	588	590	2	ok
885	5789.0	588	590	2	ok
886	5805.7	588	590	2	ok
887	5822.3	588	590	2	ok
888	5839.0	588	590	2	ok
889	5855.7	588	590	2	ok
890	5872.3	588	590	2	ok
891	5889.0	588	590	2	ok
892	5905.7	588	590	2	ok
893	5922.3	588	590	2	ok
894	5939.0	588	590	2	ok
895	5955.7	588	590	2	ok
896	5972.3	588	590	2	ok
897	5989.0	588	590	2	ok
898	6005.7	588	590	2	ok
899	6022.3	588	590	2	ok
900	6039.0	588	590	2	ok
901	6055.7	588	590	2	ok
902	6072.3	588	590	2	ok
903	6089.0	588	590	2	ok
904	6105.7	588	590	2	ok
905	6122.3	588	590	2	ok
906	6139.0	588	590	2	ok
907	6155.7	588	590	2	ok
908	6172.3	588	590	2	ok
909	6189.0	588	590	2	ok
910	6205.7	588	590	2	ok
911	6222.3	588	590	2	ok
912	6239.0	588	590	2	ok
913	6255.7	588	590	2	ok
914	6272.3	588	590	2	ok
915	6289.0	588	590	2	ok
916	6305.7	588	590	2	ok
917	6322.3	588	590	2	ok
918	6339.0	588	590	2	ok
919	6355.7	588	590	2	ok
920	6372.3	588	590	2	ok
921	6389.0	588	590	2	ok
922	6405.7	588	590	2	ok
923	6422.3	588	590	2	ok
924	6439.0	588	590	2	ok
925	6455.7	588	590	2	ok
926	6472.3	588	590	2	ok
927	6489.0	588	590	2	ok
928	6505.7	588	590	2	ok
929	6522.3	588	590	2	ok
930	6539.0	588	590	2	ok
931	6555.7	588	590	2	ok
932	6572.3	588	590	2	ok
933	6589.0	588	590	2	ok
934	6605.7	588	590	2	ok
935	6622.3	588	590	2	ok
936	6639.0	588	590	2	ok
937	6655.7	588	590	2	ok
938	6672.3	588	590	2	ok
939	6689.0	588	590	2	ok
940	6705.7	588	590	2	ok
941	6722.3	588	590	2	ok
942	6739.0	588	590	2	ok
943	6755.7	588	590	2	ok
944	6772.3	588	590	2	ok
945	6789.0	588	590	2	ok
946	6805.7	588	590	2	ok
947	6822.3	588	590	2	ok
948	6839.0	588	590	2	ok
949	6855.7	588	590	2	ok
950	6872.3	588	590	2	ok
951	6889.0	588	590	2	ok
952	6905.7	588	590	2	ok
953	6922.3	588	590	2	ok
954	6939.0	588	590	2	ok
955	6955.7	588	590	2	ok
956	6972.3	588	590	2	ok
957	6989.0	588	590	2	ok
958	7005.7	588	590	2	ok
959	7022.3	588	590	2	ok
960	7039.0	588	590	2	ok
961	7055.7	588	590	2	ok
962	7072.3	588	590	2	ok
963	7089.0	588	590	2	ok
964	7105.7	588	590	2	ok
965	7122.3	588	590	2	ok
966	7139.0	588	590	2	ok
967	7155.7	588	590	2	ok
968	7172.3	588	590	2	ok
969	7189.0	588	590	2	ok
970	7205.7	588	590	2	ok
971	7222.3	588	590	2	ok
972	7239.0	588	590	2	ok
973	7255.7	588	590	2	ok
974	7272.3	588	590	2	ok
975	7289.0	588	590	2	ok
976	7305.7	588	590	2	ok
977	7322.3	588	590	2	ok
978	7339.0	588	590	2	ok
979	7355.7	588	590	2	ok
980	7372.3	588	590	2	ok
981	7389.0	588	590	2	ok
982	7405.7	588	590	2	ok
983	7422.3	588	590	2	ok
984	7439.0	588	590	2	ok
985	7455.7	588	590	2	ok
986	7472.3	588	590	2	ok
987	7489.0	588	590	2	ok
988	7505.7	588	590	2	ok
989	7522.3	588	590	2	ok
990	7539.0	588	590	2	ok
991	7555.7	588	590	2	ok
992	7572.3	588	590	2	ok
993	7589.0	588	590	2	ok
994	7605.7	588	590	2	ok
995	7622.3	588	590	2	ok
996	7639.0	588	590	2	ok
997	7655.7	588	590	2	ok
998	7672.3	588	590	2	ok
999	7689.0	588	590	2	ok
1000	7705.7	588	590	2	ok
1001	7722.3	588	590	2	ok
1002	7739.0	588	590	2	ok
1003	7755.7	588	590	2	ok
1004	7772.3	588	590	2	ok
1005	7789.0	588	590	2	ok
1006	7805.7	588	590	2	ok
1007	7822.3	588	590	2	ok
1008	7839.0	588	590	2	ok
1009	7855.7	588	590	2	ok
1010	7872.3	588	590	2	ok
1011	7889.0	588	590	2	ok
1012	7905.7	588	590	2	ok
1013	7922.3	588	590	2	ok
1014	7939.0	588	590	2	ok
1015	7955.7	588	590	2	ok
1016	7972.3	588	590	2	ok
1017	7989.0	588	590	2	ok
1018	8005.7	588	590	2	ok
1019	8022.3	588	590	2	ok
1020	8039.0	588	590	2	ok
1021	8055.7	588	590	2	ok
1022	8072.3	588	590	2	ok
1023	8089.0	588	590	2	ok
1024	8105.7	588	590	2	ok
1025	8122.3	588	590	2	ok
1026	8139.0	588	590	2	ok
1027	8155.7	588	590	2	ok
1028	8172.3	588	590	2	ok
1029	8189.0	588	590	2	ok
1030	8205.7	588	590	2	ok
1031	8222.3	588	590	2	ok
1032	8239.0	588	590	2	ok
1033	8255.7	588	590	2	ok
1034	8272.3	588	590	2	ok
1035	8289.0	588	590	2	ok
1036	8305.7	588	590	2	ok
1037	8322.3	588	590	2	ok
1038	8339.0	588	590	2	ok
1039	8355.7	588	590	2	ok
1040	8372.3	588	590	2	ok
1041	8389.0	588	590	2	ok
1042	8405.7	588	590	2	ok
1043	8422.3	588	590	2	ok
1044	8439.0	588	590	2	ok
1045	8455.7	588	590	2	ok
1046	8472.3	588	590	2	ok
1047	8489.0	588	590	2	ok
1048	8505.7	588	590	2	ok
1049	8522.3	588	590	2	ok
1050	8539.0	588	590	2	ok
1051	8555.7	588	590	2	ok
1052	8572.3	588	590	2	ok
1053	8589.0	588	590	2	ok
1054	8605.7	588	590	2	ok
1055	8622.3	588	590	2	ok
1056	8639.0	588	590	2	ok
1057	8655.7	588	590	2	ok
1058	8672.3	588	590	2	ok
1059	8689.0	588	590	2	ok
1060	8705.7	588	590	2	ok
1061	8722.3	588	590	2	ok
1062	8739.0	588	590	2	ok
1063	8755.7	588	590	2	ok
1064	8772.3	588	590	2	ok
1065	8789.0	588	590	2	ok
1066	8805.7	588	590	2	ok
1067	8822.3	588	590	2	ok
1068	8839.0	588	590	2	ok
1069	8855.7	588	590	2	ok
1070	8872.3	588	590	2	ok
1071	8889.0	588	590	2	ok
1072	8905.7	588	590	2	ok
1073	8922.3	588	590	2	ok
1074	8939.0	588	590	2	ok
1075	8955.7	588	590	2	ok
1076	8972.3	588	590	2	ok
1077	8989.0	588	590	2	ok
1078	9005.7	588	590	2	ok
1079	9022.3	588	590	2	ok
1080	9039.0	588	590	2	ok
1081	9055.7	588	590	2	ok
1082	9072.3	588	590	2	ok
1083	9089.0	588	590	2	ok
1084	9105.7	588	590	2	ok
1085	9122.3	588	590	2	ok
1086	9139.0	588	590	2	ok
1087	9155.7	588	590	2	ok
1088	9172.3	588	590	2	ok
1089	9189.0	588	590	2	ok
1090	9205.7	588	590	2	ok
1091	9222.3	588	590	2	ok
1092	9239.0	588	590	2	ok
1093	9255.7	588	590	2	ok
1094	9272.3	588	590	2	ok
1095	9289.0	588	590	2	ok
1096	9305.7	588	590	2	ok
1097	9322.3	588	590	2	ok
1098	9339.0	588	590	2	ok
1099	9355.7	588	590	2	ok
1100	9372.3	588	590	2	ok
1101	9389.0	588	590	2	ok
1102	9405.7	588	590	2	ok
1103	9422.3	588	590	2	ok
1104	9439.0	588	590	2	ok
1105	9455.7	588	590	2	ok
1106	9472.3	588	590	2	ok
1107	9489.0	588	590	2	ok
1108	9505.7	588	590	2	ok
1109	9522.3	588	590	2	ok
1110	9539.0	588	590	2	ok
1111	9555.7	588	590	2	ok
1112	9572.3	588	590	2	ok
1113	9589.0	588	590	2	ok
1114	9605.7	588	590	2	ok
1115	9622.3	588	590	2	ok
1116	9639.0	588	590	2	ok
1117	9655.7	588	590	2	ok
1118	9672.3	588	590	2	ok
1119	9689.0	588	590	2	ok
1120	9705.7	588	590	2	ok
1121	9722.3	588	590	2	ok
1122	9739.0	588	590	2	ok
1123	9755.7	588	590	2	ok
1124	9772.3	588	590	2	ok
1125	9789.0	588	590	2	ok
1126	9805.7	588	590	2	ok
1127	9822.3	588	590	2	ok
1128	9839.0	588	590	2	ok
1129	9855.7	588	590	2	ok
1130	9872.3	588	590	2	ok
1131	9889.0	588	590	2	ok
1132	9905.7	588	590	2	ok
1133	9922.3	588	590	2	ok
1134	9939.0	588	590	2	ok
1135	9955.7	588	590	2	ok
1136	9972.3	588	590	2	ok
1137	9989.0	588	590	2	ok
1138	10005.7	588	590	2	ok
1139	10022.3	588	590	2	ok
1140	10039.0	588	590	2	ok
1141	10055.7	588	590	2	ok
1142	10072.3	588	590	2	ok
1143	10089.0	588	590	2	ok
1144	10105.7	588	590	2	ok
1145	10122.3	588	590	2	ok
1146	10139.0	588	590	2	ok
1147	10155.7	588	590	2	ok
1148	10172.3	588	590	2	ok
1149	10189.0	588	590	2	ok
1150	10205.7	588	590	2	ok
1151	10222.3	588	590	2	ok
1152	10239.0	588	590	2	ok
1153	10255.7	588	590	2	ok
1154	10272.3	588	590	2	ok
1155	10289.0	588	590	2	ok
1156	10305.7	588	590	2	ok
1157	10322.3	588	590	2	ok
1158	10339.0	588	590	2	ok
1159	10355.7	588	590	2	ok
1160	10372.3	588	590	2	ok
1161	10389.0	588	590	2	ok
1162	10405.7	588	590	2	ok
1163	10422.3	588	590	2	ok
1164	10439.0	588	590	2	ok
1165	10455.7	588	590	2	ok
1166	10472.3	588	590	2	ok
1167	10489.0	588	590	2	ok
1168	10505.7	588	590	2	ok
1169	10522.3	588	590	2	ok
1170	10539.0	588	590	2	ok
1171	10555.7	588	590	2	ok
1172	10572.3	588	590	2	ok
1173	10589.0	588	590	2	ok
1174	10605.7	588	590	2	ok
1175	10622.3	588	590	2	ok
1176	10639.0	588	590	2	ok
1177	10655.7	588	590	2	ok
1178	10672.3	588	590	2	ok
1179	10689.0	588	590	2	ok
1180	10705.7	588	590	2	ok
1181	10722.3	588	590	2	ok
1182	10739.0	588	590	2	ok
1183	10755.7	588	590	2	ok
1184	10772.3	588	590	2	ok
1185	10789.0	588	590	2	ok
1186	10805.7	588	590	2	ok
1187	10822.3	588	590	2	ok
1188	10839.0	588	590	2	ok
1189	10855.7	588	590	2	ok
1190	10872.3	588	590	2	ok
1191	10889.0	588	590	2	ok
1192	10905.7	588	590	2	ok
1193	10922.3	588	590	2	ok
1194	10939.0	588	590	2	ok
1195	10955.7	588	590	2	ok
1196	10972.3	588	590	2	ok
1197	10989.0	588	590	2	ok
1198	11005.7	588	590	2	ok
1199	11022.3	588	590	2	ok
1200	11039.0	588	590	2	ok
1201	11055.7	588	590	2	ok
1202	11072.3	588	590	2	ok
1203	11089.0	588	590	2	ok
1204	11105.7	588	590	2	ok
1205	11122.3	588	590	2	ok
1206	11139.0	588	590	2	ok
1207	11155.7	588	590	2	ok
1208	11172.3	588	590	2	ok
1209	11189.0	588	590	2	ok
1210	11205.7	588	590	2	ok
1211	11222.3	588	590	2	ok
1212	11239.0	588	590	2	ok
1213	11255.7	588	590	2	ok
1214	11272.3	588	590	2	ok
1215	11289.0	588	590	2	ok
1216	11305.7	588	590	2	ok
1217	11322.3	588	590	2	ok
1218	11339.0	588	590	2	ok
1219	11355.7	588	590	2	ok
1220	11372.3	588	590	2	ok
1221	11389.0	588	590	2	ok
1222	11405.7	588	590	2	ok
1223	11422.3	588	590	2	ok
1224	11439.0	588	590	2	ok
1225	11455.7	588	590	2	ok
1226	11472.3	588	590	2	ok
1227	11489.0	588	590	2	ok
1228	11505.7	588	590	2	ok
1229	11522.3	588	590	2	ok
1230	11539.0	588	590	2	ok
1231	11555.7	588	590	2	ok
1232	11572.3	588	590	2	ok
1233	11589.0	588	590	2	ok
1234	11605.7	588	590	2	ok
1235	11622.3	588	590	2	ok
1236	11639.0	588	590	2	ok
1237	11655.7	588	590	2	ok
1238	11672.3	588	590	2	ok
1239	11689.0	588	590	2	ok
1240	11705.7	588	590	2	ok
1241	11722.3	588	590	2	ok
1242	11739.0	588	590	2	ok
1243	11755.7	588	590	2	ok
1244	11772.3	588	590	2	ok
1245	11789.0	588	590	2	ok
1246	11805.7	588	590	2	ok
1247	11822.3	588	590	2	ok
1248	11839.0	588	590	2	ok
1249	11855.7	588	590	2	ok
1250	11872.3	588	590	2	ok
1251	11889.0	588	590	2	ok
1252	11905.7	588	590	2	ok
1253	11922.3	588	590	2	ok
1254	11939.0	588	590	2	ok
1255	11955.7	588	590	2	ok
1256	11972.3	588	590	2	ok
1257	11989.0	588	590	2	ok
1258	12005.7	588	590	2	ok
1259	12022.3	588	590	2	ok
1260	12039.0	588	590	2	ok
1261	12055.7	588	590	2	ok
1262	12072.3	588	590	2	ok
1263	12089.0	588	590	2	ok
1264	12105.7	588	590	2	ok
1265	12122.3	588	590	2	ok
1266	12139.0	588	590	2	ok
1267	12155.7	588	590	2	ok
1268	12172.3	588	590	2	ok
1269	12189.0	588	590	2	ok
1270	12205.7	588	590	2	ok
1271	12222.3	588	590	2	ok
1272	12239.0	588	590	2	ok
1273	12255.7	588	590	2	ok
1274	12272.3	588	590	2	ok
1275	12289.0	588	590	2	ok
1276	12305.7	588	590	2	ok
1277	12322.3	588	590	2	ok
1278	12339.0	588	590	2	ok
1279	12355.7	588	590	2	ok
1280	12372.3	588	590	2	ok
1281	12389.0	588	590	2	ok
1282	12405.7	588	590	2	ok
1283	12422.3	588	590	2	ok
1284	12439.0	588	590	2	ok
1285	12455.7	588	590	2	ok
1286	12472.3	588	590	2	ok
1287	12489.0	588	590	2	ok
1288	12505.7	588	590	2	ok
1289	12522.3	588	590	2	ok
1290	12539.0	588	590	2	ok
1291	12555.7	588	590	2	ok
1292	12572.3	588	590	2	ok
1293	12589.0	588	590	2	ok
1294	12605.7	588	590	2	ok
1295	12622.3	588	590	2	ok
1296	12639.0	588	590	2	ok
1297	12655.7	588	590	2	ok
1298	12672.3	588	590	2	ok
1299	12689.0	588	590	2	ok
1300	12705.7	588	590	2	ok
1301	12722.3	588	590	2	ok
1302	12739.0	588	590	2	ok
1303	12755.7	588	590	2	ok
1304	12772.3	588	590	2	ok
1305	12789.0	588	590	2	ok
1306	12805.7	588	590	2	ok
1307	12822.3	588	590	2	ok
1308	12839.0	588	590	2	ok
1309	12855.7	588	590	2	ok
1310	12872.3	588	590	2	ok
1311	12889.0	588	590	2	ok
1312	12905.7	588	590	2	ok
1313	12922.3	588	590	2	ok
1314	12939.0	588	590	2	ok
1315	12955.7	588	590	2	ok
1316	12972.3	588	590	2	ok
1317	12989.0	588	590	2	ok
1318	13005.7	588	590	2	ok
1319	13022.3	588	590	2	ok
1320	13039.0	588	590	2	ok
1321	13055.7	588	590	2	ok
1322	13072.3	588	590	2	ok
1323	13089.0	588	590	2	ok
1324	13105.7	588	590	2	ok
1325	13122.3	588	590	2	ok
1326	13139.0	588	590	2	ok
1327	13155.7	588	590	2	ok
1328	13172.3	588	590	2	ok
1329	13189.0	588	590	2	ok
1330	13205.7	588	590	2	ok
1331	13222.3	588	590	2	ok
1332	13239.0	588	590	2	ok
1333	13255.7	588	590	2	ok
1334	13272.3	588	590	2	ok
1335	13289.0	588	590	2	ok
1336	13305.7	588	590	2	ok
1337	13322.3	588	590	2	ok
1338	13339.0	588	590	2	ok
1339	13355.7	588	590	2	ok
1340	13372.3	588	590	2	ok
1341	13389.0	588	590	2	ok
1342	13405.7	588	590	2	ok
1343	13422.3	588	590	2	ok
1344	13439.0	588	590	2	ok
1345	13455.7	588	590	2	ok
1346	13472.3	588	590	2	ok
1347	13489.0	588	590	2	ok
1348	13505.7	588	590	2	ok
1349	13522.3	588	590	2	ok
1350	13539.0	588	590	2	ok
1351	13555.7	588	590	2	ok
1352	13572.3	588	590	2	ok
1353	13589.0	588	590	2	ok
1354	13605.7	588	590	2	ok
1355	13622.3	588	590	2	ok
1356	13639.0	588	590	2	ok
1357	13655.7	588	590	2	ok
1358	13672.3	588	590	2	ok
1359	13689.0	588	590	2	ok
1360	13705.7	588	590	2	ok
1361	13722.3	588	590	2	ok
1362	13739.0	588	590	2	ok
1363	13755.7	588	590	2	ok
1364	13772.3	588	590	2	ok
1365	13789.0	588	590	2	ok
1366	13805.7	588	590	2	ok
1367	13822.3	588	590	2	ok
1368	13839.0	588	590	2	ok
1369	13855.7	588	590	2	ok
1370	13872.3	588	590	2	ok
1371	13889.0	588	590	2	ok
1372	13905.7	588	590	2	ok
1373	13922.3	588	590	2	ok
1374	13939.0	588	590	2	ok
1375	13955.7	588	590	2	ok
1376	13972.3	588	590	2	ok
1377	13989.0	588	590	2	ok
1378	14005.7	588	590	2	ok
1379	14022.3	588	590	2	ok
1380	14039.0	588	590	2	ok
1381	14055.7	588	590	2	ok
1382	14072.3	588	590	2	ok
1383	14089.0	588	590	2	ok
1384	14105.7	588	590	2	ok
1385	14122.3	588	590	2	ok
1386	14139.0	588	590	2	ok
1387	14155.7	588	590	2	ok
1388	14172.3	588	590	2	ok
1389	14189.0	588	590	2	ok
1390	14205.7	588	590	2	ok
1391	14222.3	588	590	2	ok
1392	14239.0	588	590	2	ok
1393	14255.7	588	590	2	ok
1394	14272.3	588	590	2	ok
1395	14289.0	588	590	2	ok
1396	14305.7	588	590	2	ok
1397	14322.3	588	590	2	ok
1398	14339.0	588	590	2	ok
1399	14355.7	588	590	2	ok
1400	14372.3	588	590	2	ok
1401	14389.0	588	590	2	ok
1402	14405.7	588	590	2	ok
1403	14422.3	588	590	2	ok
1404	14439.0	588	590	2	ok
1405	14455.7	588	590	2	ok
1406	14472.3	588	590	2	ok
1407	14489.0	588	590	2	ok
1408	14505.7	588	590	2	ok
1409	14522.3	588	590	2	ok
1410	14539.0	588	590	2	ok
1411	14555.7	588	590	2	ok
1412	14572.3	588	590	2	ok
1413	14589.0	588	590	2	ok
1414	14605.7	588	590	2	ok
1415	14622.3	588	590	2	ok
1416	14639.0	588	590	2	ok
1417	14655.7	588	590	2	ok
1418	14672.3	588	590	2	ok
1419	14689.0	588	590	2	ok
1420	14705.7	588	590	2	ok
1421	14722.3	588	590	2	ok
1422	14739.0	588	590	2	ok
1423	14755.7	588	590	2	ok
1424	14772.3	588	590	2	ok
1425	14789.0	588	590	2	ok
1426	14805.7	588	590	2	ok
1427	14822.3	588	590	2	ok
1428	14839.0	588	590	2	ok
1429	14855.7	588	590	2	ok
1430	14872.3	588	590	2	ok
1431	14889.0	588	590	2	ok
1432	14905.7	588	590	2	ok
1433	14922.3	588	590	2	ok
1434	14939.0	588	590	2	ok
1435	14955.7	588	590	2	ok
1436	14972.3	588	590	2	ok
1437	14989.0	588	590	2	ok
1438	15005.7	588	590	2	ok
1439	15022.3	588	590	2	ok
1440	15039.0	588	590	2	ok
1441	15055.7	588	590	2	ok
1442	15072.3	588	590	2	ok
1443	15089.0	588	590	2	ok
1444	15105.7	588	590	2	ok
1445	15122.3	588	590	2	ok
1446	15139.0	588	590	2	ok
1447	15155.7	588	590	2	ok
1448	15172.3	588	590	2	ok
1449	15189.0	588	590	2	ok
1450	15205.7	588	590	2	ok
1451	15222.3	588	590	2	ok
1452	15239.0	588	590	2	ok
1453	15255.7	588	590	2	ok
1454	15272.3	588	590	2	ok
1455	15289.0	588	590	2	ok
1456	15305.7	588	590	2	ok
1457	15322.3	588	590	2	ok
1458	15339.0	588	590	2	ok
1459	15355.7	588	590	2	ok
1460	15372.3	588	590	2	ok
1461	15389.0	588	590	2	ok
1462	15405.7	588	590	2	ok
1463	15422.3	588	590	2	ok
1464	15439.0	588	590	2	ok
1465	15455.7	588	590	2	ok
1466	15472.3	588	590	2	ok
1467	15489.0	588	590	2	ok
1468	15505.7	588	590	2	ok
1469	15522.3	588	590	2	ok
1470	15539.0	588	590	2	ok
1471	15555.7	588	590	2	ok
1472	15572.3	588	590	2	ok
1473	15589.0	588	590	2	ok
1474	15605.7	588	590	2	ok
1475	15622.3	588	590	2	ok
1476	15639.0	588	590	2	ok
1477	15655.7	588	590	2	ok
1478	15672.3	588	590	2	ok
1479	15689.0	588	590	2	ok
1480	15705.7	588	590	2	ok
1481	15722.3	588	590	2	ok
1482	15739.0	588	590	2	ok
1483	15755.7	588	590	2	ok
1484	15772.3	588	590	2	ok
1485	15789.0	588	590	2	ok
1486	15805.7	588	590	2	ok
1487	15822.3	588	590	2	ok
1488	15839.0	588	590	2	ok
1489	15855.7	588	590	2	ok
1490	15872.3	588	590	2	ok
1491	15889.0	588	590	2	ok
1492	15905.7	588	590	2	ok
1493	15922.3	588	590	2	ok
1494	15939.0	588	590	2	ok
1495	15955.7	588	590	2	ok
1496	15972.3	588	590	2	ok
1497	15989.0	588	590	2	ok
1498	16005.7	588	590	2	ok
1499	16022.3	588	590	2	ok
1500	16039.0	588	590	2	ok
1501	16055.7	588	590	2	ok
1502	16072.3	588	590	2	ok
1503	16089.0	588	590	2	ok
1504	16105.7	588	590	2	ok
1505	16122.3	588	590	2	ok
1506	16139.0	588	590	2	ok
1507	16155.7	588	590	2	ok
1508	16172.3	588	590	2	ok
1509	16189.0	588	590	2	ok
1510	16205.7	588	590	2	ok
1511	16222.3	588	590	2	ok
1512	16239.0	588	590	2	ok
1513	16255.7	588	590	2	ok
1514	16272.3	588	590	2	ok
1515	16289.0	588	590	2	ok
1516	16305.7	588	590	2	ok
1517	16322.3	588	590	2	ok
1518	16339.0	588	590	2	ok
1519	16355.7	588	590	2	ok
1520	16372.3	588	590	2	ok
1521	16389.0	588	590	2	ok
1522	16405.7	588	590	2	ok
1523	16422.3	588	590	2	ok
1524	16439.0	588	590	2	ok
1525	16455.7	588	590	2	ok
1526	16472.3	588	590	2	ok
1527	16489.0	588	590	2	ok
1528	16505.7	588	590	2	ok
1529	16522.3	588	590	2	ok
1530	16539.0	588	590	2	ok
1531	16555.7	588	590	2	ok
1532	16572.3	588	590	2	ok
1533	16589.0	588	590	2	ok
1534	16605.7	588	590	2	ok
1535	16622.3	588	590	2	ok
1536	16639.0	588	590	2	ok
1537	16655.7	588	590	2	ok
1538	16672.3	588	590	2	ok
1539	16689.0	588	590	2	ok
1540	16705.7	588	590	2	ok
1541	16722.3	588	590	2	ok
1542	16739.0	588	590	2	ok
1543	16755.7	588	590	2	ok
1544	16772.3	588	590	2	ok
1545	16789.0	588	590	2	ok
1546	16805.7	588	590	2	ok
1547	16822.3	588	590	2	ok
1548	16839.0	588	590	2	ok
1549	16855.7	588	590	2	ok
1550	16872.3	588	590	2	ok
1551	16889.0	588	590	2	ok
1552	16905.7	588	590	2	ok
1553	16922.3	588	590	2	ok
1554	16939.0	588	590	2	ok
1555	16955.7	588	590	2	ok
1556	16972.3	588	590	2	ok
1557	16989.0	588	590	2	ok
1558	17005.7	588	590	2	ok
1559	17022.3	588	590	2	ok
1560	17039.0	588	590	2	ok
1561	17055.7	588	590	2	ok
1562	17072.3	588	590	2	ok
1563	17089.0	588	590	2	ok
1564	17105.7	588	590	2	ok
1565	17122.3	588	590	2	ok
1566	17139.0	588	590	2	ok
1567	17155.7	588	590	2	ok
1568	17172.3	588	590	2	ok
1569	17189.0	588	590	2	ok
1570	17205.7	588	590	2	ok
1571	17222.3	588	590	2	ok
1572	17239.0	588	590	2	ok
1573	17255.7	588	590	2	ok
1574	17272.3	588	590	2	ok
1575	17289.0	588	590	2	ok
1576	17305.7	588	590	2	ok
1577	17322.3	588	590	2	ok
1578	17339.0	588	590	2	ok
1579	17355.7	588	590	2	ok
1580	17372.3	588	590	2	ok
1581	17389.0	588	590	2	ok
1582	17405.7	588	590	2	ok
1583	17422.3	588	590	2	ok
1584	17439.0	588	590	2	ok
1585	17455.7	588	590	2	ok
1586	17472.3	588	590	2	ok
1587	17489.0	588	590	2	ok
1588	17505.7	588	590	2	ok
1589	17522.3	588	590	2	ok
1590	17539.0	588	590	2	ok
1591	17555.7	588	590	2	ok
1592	17572.3	588	590	2	ok
1593	17589.0	588	590	2	ok
1594	17605.7	588	590	2	ok
1595	17622.3	588	590	2	ok
1596	17639.0	588	590	2	ok
1597	17655.7	588	590	2	ok
1598	17672.3	588	590	2	ok
1599	17689.0	588	590	2	ok
1600	17705.7	588	590	2	ok
1601	17722.3	588	590	2	ok
1602	17739.0	588	590	2	ok
1603	17755.7	588	590	2	ok
1604	17772.3	588	590	2	ok
1605	17789.0	588	590	2	ok
1606	17805.7	588	590	2	ok
1607	17822.3	588	590	2	ok
1608	17839.0	588	590	2	ok
1609	17855.7	588	590	2	ok
1610	17872.3	588	590	2	ok
1611	17889.0	588	590	2	ok
1612	17905.7	588	590	2	ok
1613	17922.3	588	590	2	ok
1614	17939.0	588	590	2	ok
1615	17955.7	588	590	2	ok
1616	17972.3	588	590	2	ok
1617	17989.0	588	590	2	ok
1618	18005.7	588	590	2	ok
1619	18022.3	588	590	2	ok
1620	18039.0	588	590	2	ok
1621	18055.7	588	590	2	ok
1622	18072.3	588	590	2	ok
1623	18089.0	588	590	2	ok
1624	18105.7	588	590	2	ok
1625	18122.3	588	590	2	ok
1626	18139.0	588	590	2	ok
1627	18155.7	588	590	2	ok
1628	18172.3	588	590	2	ok
1629	18189.0	588	590	2	ok
1630	18205.7	588	590	2	ok
1631	18222.3	588	590	2	ok
1632	18239.0	588	590	2	ok
1633	18255.7	588	590	2	ok
1634	18272.3	588	590	2	ok
1635	18289.0	588	590	2	ok
1636	18305.7	588	590	2	ok
1637	18322.3	588	590	2	ok
1638	18339.0	588	590	2	ok
1639	18355.7	588	590	2	ok
1640	18372.3	588	590	2	ok
1641	18389.0	588	590	2	ok
1642	18405.7	588	590	2	ok
1643	18422.3	588	590	2	ok
1644	18439.0	588	590	2	ok
1645	18455.7	588	590	2	ok
1646	18472.3	588	590	2	ok
1647	18489.0	588	590	2	ok
1648	18505.7	588	590	2	ok
1649	18522.3	588	590	2	ok
1650	18539.0	588	590	2	ok
1651	18555.7	588	590	2	ok
1652	18572.3	588	590	2	ok
1653	18589.0	588	590	2	ok
1654	18605.7	588	590	2	ok
1655	18622.3	588	590	2	ok
1656	18639.0	588	590	2	ok
1657	18655.7	588	590	2	ok
1658	18672.3	588	590	2	ok
1659	18689.0	588	590	2	ok
1660	18705.7	588	590	2	ok
1661	18722.3	588	590	2	ok
1662	18739.0	588	590	2	ok
1663	18755.7	588	590	2	ok
1664	18772.3	588	590	2	ok
1665	18789.0	588	590	2	ok
1666	18805.7	588	590	2	ok
1667	18822.3	588	590	2	ok
1668	18839.0	588	590	2	ok
1669	18855.7	588	590	2	ok
1670	18872.3	588	590	2	ok
1671	18889.0	588	590	2	ok
1672	18905.7	588	590	2	ok
1673	18922.3	588	590	2	ok
1674	18939.0	588	590	2	ok
1675	18955.7	588	590	2	ok
1676	18972.3	588	590	2	ok
1677	18989.0	588	590	2	ok
1678	19005.7	588	590	2	ok
1679	19022.3	588	590	2	ok
1680	19039.0	588	590	2	ok
1681	19055.7	588	590	2	ok
1682	19072.3	588	624	36	ok
1683	19089.0	588	624	36	ok
1684	19105.7		624		not_comp
1685	19122.3		624		not_comp
1686	19139.0		624		not_comp
1687	19155.7		624		not_comp
1688	19172.3		624		not_comp
1689	19189.0	622	624	2	ok
1690	19205.7	622	624	2	ok
1691	19222.3	622	624	2	ok
1692	19239.0	622	624	2	ok
1693	19255.7	622	624	2	ok
1694	19272.3	622	624	2	ok
1695	19289.0	622	624	2	ok
1696	19305.7	622	624	2	ok
1697	19322.3	622	624	2	ok
1698	19339.0	622	624	2	ok
1699	19355.7	622	624	2	ok
1700	19372.3		624		no_zoom
1701	19389.0		624		no_zoom
1702	19405.7		624		no_zoom
1703	19422.3		624		no_zoom
1704	19439.0		624		no_zoom
1705	19455.7		624		no_zoom
1706	19472.3		624		no_zoom
1707	19489.0		624		no_zoom
1708	19505.7		624		no_zoom
1709	19522.3		624		no_zoom
1710	19539.0		624		no_zoom
1711	19555.7		624		no_zoom
1712	19572.3		680		not_comp
1713	19589.0		680		not_comp
1714	19605.7		680		not_comp
1715	19622.3		680		not_comp
1716	19639.0		680		not_comp
1717	19655.7	680	680	0	ok
1718	19672.3	680	680	0	ok
1719	19689.0	680	680	0	ok
1720	19705.7		680		not_comp
1721	19722.3		680		not_comp
1722	19739.0		704		not_comp
1723	19755.7		704		not_comp
1724	19772.3		704		not_comp
1725	19789.0		704		not_comp
1726	19805.7		704		not_comp
1727	19822.3		704		not_comp
1728	19839.0	702	704	2	ok
1729	19855.7	702	704	2	ok
1730	19872.3	702	704	2	ok
1731	19889.0	702	704	2	ok
1732	19905.7	702	704	2	ok
1733	19922.3	702	704	2	ok
1734	19939.0	702	704	2	ok
1735	19955.7	702	704	2	ok
1736	19972.3	702	704	2	ok
1737	19989.0	702	704	2	ok
1738	20005.7	702	704	2	ok
1739	20022.3	702	704	2	ok
1740	20039.0	702	704	2	ok
1741	20055.7	702	704	2	ok
1742	20072.3	702	704	2	ok
1743	20089.0	702	704	2	ok
1744	20105.7	702	704	2	ok
1745	20122.3	702	704	2	ok
1746	20139.0	702	704	2	ok
1747	20155.7	702	704	2	ok
1748	20172.3	702	704	2	ok
1749	20189.0	702	726	24	ok
1750	20205.7	702	726	24	ok
1751	20222.3		726		not_comp
1752	20239.0		726		not_comp
1753	20255.7		726		not_comp
1754	20272.3		726		not_comp
1755	20289.0		726		not_comp
1756	20305.7		726		not_comp
1757	20322.3	726	726	0	ok
1758	20339.0	726	726	0	ok
1759	20355.7	726	726	0	ok
1760	20372.3	726	726	0	ok
1761	20389.0	726	726	0	ok
1762	20405.7	726	726	0	ok
1763	20422.3	726	726	0	ok
1764	20439.0	726	726	0	ok
1765	20455.7		726		no_zoom
1766	20472.3		726		no_zoom
1767	20489.0		726		no_zoom
1768	20505.7		726		no_zoom
1769	20522.3		726		no_zoom
1770	20539.0		726		no_zoom
1771	20555.7		726		no_zoom
1772	20572.3		726		no_zoom
1773	20589.0		726		no_zoom
1774	20605.7		726		no_zoom
1775	20622.3		726		no_zoom
1776	20639.0		726		no_zoom
1777	20655.7		726		no_zoom
1778	20672.3		726		no_zoom
1779	20689.0		726		no_zoom
1780	20705.7		726		no_zoom
1781	20722.3		726		no_zoom
1782	20739.0		726		no_zoom
1783	20755.7		726		no_zoom
1784	20772.3		726		no_zoom
1785	20789.0		726		no_zoom
1786	20805.7		726		no_zoom
1787	20822.3		726		no_zoom
1788	20839.0		726		no_zoom
1789	20855.7		726		no_zoom
1790	20872.3		726		no_zoom
1791	20889.0		726		no_zoom
1792	20905.7		726		no_zoom
1793	20922.3		726		no_zoom
1794	20939.0		726		no_zoom
1795	20955.7		726		no_zoom
1796	20972.3		726		no_zoom
1797	20989.0		726		no_zoom
1798	21005.7		726		no_zoom
1799	21022.3		726		no_zoom
1800	21039.0		726		no_zoom
1801	21055.7		726		no_zoom
1802	21072.3		726		no_zoom
1803	21089.0		726		no_zoom
1804	21105.7		726		no_zoom
1805	21122.3		726		no_zoom
1806	21139.0		726		no_zoom
1807	21155.7		726		no_zoom
1808	21172.3		726		no_zoom
1809	21189.0		726		no_zoom
1810	21205.7		726		no_zoom
1811	21222.3		726		no_zoom
1812	21239.0		726		no_zoom
1813	21255.7		726		no_zoom
1814	21272.3		726		no_zoom
1815	21289.0		726		no_zoom
1816	21305.7		726		no_zoom
1817	21322.3		726		no_zoom
1818	21339.0		726		no_zoom
1819	21355.7		726		no_zoom
1820	21372.3		726		no_zoom
1821	21389.0		726		no_zoom
1822	21405.7		726		no_zoom
1823	21422.3		726		no_zoom
1824	21439.0	726	726	0	ok
1825	21455.7	726	726	0	ok
1826	21472.3	726	726	0	ok
1827	21489.0	726	726	0	ok
1828	21505.7	726	726	0	ok
1829	21522.3	726	726	0	ok
1830	21539.0	726	726	0	ok
1831	21555.7	726	726	0	ok
1832	21572.3	726	726	0	ok
1833	21589.0	726	726	0	ok
1834	21605.7	726	726	0	ok
1835	21622.3	726	726	0	ok
1836	21639.0	726	726	0	ok
1837	21655.7	726	726	0	ok
1838	21672.3	726	726	0	ok
1839	21689.0	726	726	0	ok
1840	21705.7	726	726	0	ok
1841	21722.3	726	726	0	ok
1842	21739.0	726	726	0	ok
1843	21755.7	726	726	0	ok
1844	21772.3	726	726	0	ok
1845	21789.0	726	726	0	ok
1846	21805.7	726	726	0	ok
1847	21822.3		726		not_comp
1848	21839.0		726		not_comp
1849	21855.7		726		not_comp
1850	21872.3	708	710	2	ok
1851	21889.0	708	710	2	ok
1852	21905.7	708	710	2	ok
1853	21922.3	708	710	2	ok
1854	21939.0	708	710	2	ok
1855	21955.7	708	710	2	ok
1856	21972.3		710		not_comp
1857	21989.0		680		not_comp
1858	22005.7		680		not_comp
1859	22022.3	680	680	0	ok
1860	22039.0		680		not_comp
1861	22055.7		680		not_comp
1862	22072.3		680		not_comp
1863	22089.0		680		not_comp
1864	22105.7		680		not_comp
1865	22122.3		680		not_comp
1866	22139.0		680		not_comp
1867	22155.7		680		not_comp
1868	22172.3		680		not_comp
1869	22189.0	654	654	0	ok
1870	22205.7	654	654	0	ok
1871	22222.3	654	654	0	ok
1872	22239.0	654	654	0	ok
1873	22255.7	654	654	0	ok
1874	22272.3	654	654	0	ok
1875	22289.0	654	654	0	ok
1876	22305.7	654	654	0	ok
1877	22322.3	654	654	0	ok
1878	22339.0	654	654	0	ok
1879	22355.7	654	654	0	ok
1880	22372.3	654	654	0	ok
1881	22389.0	654	654	0	ok
1882	22405.7	654	654	0	ok
1883	22422.3	654	654	0	ok
1884	22439.0	654	654	0	ok
1885	22455.7	654	654	0	ok
1886	22472.3	654	654	0	ok
1887	22489.0	654	654	0	ok
1888	22505.7	654	654	0	ok
1889	22522.3	654	654	0	ok
1890	22539.0	654	654	0	ok
1891	22555.7	654	654	0	ok
1892	22572.3	654	654	0	ok
1893	22589.0	654	654	0	ok
1894	22605.7	654	654	0	ok
1895	22622.3	654	654	0	ok
1896	22639.0	654	654	0	ok
1897	22655.7	654	654	0	ok
1898	22672.3	654	654	0	ok
1899	22689.0	654	654	0	ok
1900	22705.7	654	654	0	ok
1901	22722.3	654	654	0	ok
1902	22739.0	654	654	0	ok
1903	22755.7	654	654	0	ok
1904	22772.3	654	654	0	ok
1905	22789.0	654	654	0	ok
1906	22805.7	654	654	0	ok
1907	22822.3	654	654	0	ok
1908	22839.0	654	654	0	ok
1909	22855.7	654	654	0	ok
1910	22872.3	654	654	0	ok
1911	22889.0	654	654	0	ok
1912	22905.7	654	654	0	ok
1913	22922.3	654	654	0	ok
1914	22939.0	654	654	0	ok
1915	22955.7	654	654	0	ok
1916	22972.3	654	654	0	ok
1917	22989.0	654	654	0	ok
1918	23005.7	654	654	0	ok
1919	23022.3	654	654	0	ok
1920	23039.0		654		not_comp
1921	23055.7		632		not_comp
1922	23072.3		632		not_comp
1923	23089.0		632		not_comp
1924	23105.7		590		not_comp
1925	23122.3		590		not_comp
1926	23139.0	588	590	2	ok
1927	23155.7	588	590	2	ok
1928	23172.3	588	590	2	ok
1929	23189.0	588	590	2	ok
1930	23205.7	588	590	2	ok
1931	23222.3	588	590	2	ok
1932	23239.0	588	590	2	ok
1933	23255.7	588	590	2	ok
1934	23272.3	588	590	2	ok
1935	23289.0	588	590	2	ok
1936	23305.7	588	590	2	ok
1937	23322.3	588	590	2	ok
1938	23339.0	588	590	2	ok
1939	23355.7	588	590	2	ok
1940	23372.3	588	590	2	ok
1941	23389.0	588	590	2	ok
1942	23405.7	588	590	2	ok
1943	23422.3	588	590	2	ok
1944	23439.0	588	590	2	ok
1945	23455.7	588	590	2	ok
1946	23472.3	588	590	2	ok
1947	23489.0	588	590	2	ok
1948	23505.7	588	590	2	ok
1949	23522.3	588	590	2	ok
1950	23539.0	588	590	2	ok
1951	23555.7	588	590	2	ok
1952	23572.3	588	590	2	ok
1953	23589.0	588	590	2	ok
1954	23605.7	588	590	2	ok
1955	23622.3		590		not_comp
1956	23639.0		590		not_comp
1957	23655.7		582		not_comp
1958	23672.3		582		not_comp
1959	23689.0		572		not_comp
1960	23705.7		568		not_comp
1961	23722.3		568		not_comp
1962	23739.0		546		not_comp
1963	23755.7		546		not_comp
1964	23772.3		546		not_comp
1965	23789.0		532		not_comp
1966	23805.7		520		not_comp
1967	23822.3		516		not_comp
1968	23839.0		516		not_comp
1969	23855.7		512		not_comp
1970	23872.3		508		not_comp
1971	23889.0		508		not_comp
1972	23905.7		498		not_comp
1973	23922.3		498		not_comp
1974	23939.0		478		not_comp
1975	23955.7		478		not_comp
1976	23972.3		478		not_comp
1977	23989.0		470		not_comp
1978	24005.7		470		not_comp
1979	24022.3		468		not_comp
1980	24039.0		468		not_comp
1981	24055.7		460		not_comp
1982	24072.3		460		not_comp
1983	24089.0		460		not_comp
1984	24105.7		446		not_comp
1985	24122.3		444		not_comp
1986	24139.0		444		not_comp
1987	24155.7		440		not_comp
1988	24172.3		440		not_comp
1989	24189.0		436		not_comp
1990	24205.7		436		not_comp
1991	24222.3		436		not_comp
1992	24239.0		428		not_comp
1993	24255.7		428		not_comp
1994	24272.3		428		not_comp
1995	24289.0		418		not_comp
1996	24305.7		414		not_comp
1997	24322.3		412		not_comp
1998	24339.0		412		not_comp
1999	24355.7		408		not_comp
2000	24372.3		406		not_comp
2001	24389.0		406		not_comp
2002	24405.7		400		not_comp
2003	24422.3		400		not_comp
2004	24439.0		392		not_comp
2005	24455.7		392		not_comp
2006	24472.3		392		not_comp
2007	24489.0		388		not_comp
2008	24505.7		388		not_comp
2009	24522.3		388		not_comp
2010	24539.0		388		not_comp
2011	24555.7		388		not_comp
2012	24572.3		388		not_comp
2013	24589.0	386	388	2	ok
2014	24605.7	386	388	2	ok
2015	24622.3	386	388	2	ok
2016	24639.0	386	388	2	ok
2017	24655.7	386	388	2	ok
2018	24672.3	386	388	2	ok
2019	24689.0	386	388	2	ok
2020	24705.7	386	388	2	ok
2021	24722.3	386	388	2	ok
2022	24739.0	386	388	2	ok
2023	24755.7	386	388	2	ok
2024	24772.3	386	388	2	ok
2025	24789.0	386	388	2	ok
2026	24805.7	386	388	2	ok
2027	24822.3	386	388	2	ok
2028	24839.0	386	388	2	ok
2029	24855.7	386	388	2	ok
2030	24872.3		388		not_comp
2031	24889.0		388		not_comp
2032	24905.7		396		not_comp
2033	24922.3		396		not_comp
2034	24939.0		398		not_comp
2035	24955.7		402		not_comp
2036	24972.3		402		not_comp
2037	24989.0		416		not_comp
2038	25005.7		416		not_comp
2039	25022.3		424		not_comp
2040	25039.0		424		not_comp
2041	25055.7		424		not_comp
2042	25072.3		440		not_comp
2043	25089.0		440		not_comp
2044	25105.7		440		not_comp
2045	25122.3		470		not_comp
2046	25139.0		470		not_comp
2047	25155.7		470		not_comp
2048	25172.3		492		not_comp
2049	25189.0		492		not_comp
2050	25205.7		556		not_comp
2051	25222.3		556		not_comp
2052	25239.0		598		not_comp
2053	25255.7		598		not_comp
2054	25272.3		632		not_comp
2055	25289.0		632		not_comp
2056	25305.7		660		not_comp
2057	25322.3		660		not_comp
2058	25339.0		660		not_comp
2059	25355.7		680		not_comp
2060	25372.3		690		not_comp
2061	25389.0		690		not_comp
2062	25405.7		708		not_comp
2063	25422.3		722		not_comp
2064	25439.0		728		not_comp
2065	25455.7		728		not_comp
2066	25472.3		746		not_comp
2067	25489.0		756		not_comp
2068	25505.7		756		not_comp
2069	25522.3		770		not_comp
2070	25539.0		770		not_comp
2071	25555.7		792		not_comp
2072	25572.3		792		not_comp
2073	25589.0		802		not_comp
2074	25605.7		802		not_comp
2075	25622.3		828		not_comp
2076	25639.0		828		not_comp
2077	25655.7		844		not_comp
2078	25672.3		844		not_comp
2079	25689.0		858		not_comp
2080	25705.7		864		not_comp
2081	25722.3		864		not_comp
2082	25739.0		874		not_comp
2083	25755.7		874		not_comp
2084	25772.3		874		not_comp
2085	25789.0		882		not_comp
2086	25805.7		888		not_comp
2087	25822.3		890		not_comp
2088	25839.0		890		not_comp
2089	25855.7		896		not_comp
2090	25872.3		900		not_comp
2091	25889.0		900		not_comp
2092	25905.7		910		not_comp
2093	25922.3		910		not_comp
2094	25939.0		916		not_comp
2095	25955.7		916		not_comp
2096	25972.3		916		not_comp
2097	25989.0		920		not_comp
2098	26005.7		920		not_comp
2099	26022.3		920		not_comp
2100	26039.0		922		not_comp
2101	26055.7		922		not_comp
2102	26072.3	921	922	1	ok
2103	26089.0	921	922	1	ok
2104	26105.7	920	922	2	ok
2105	26122.3	920	922	2	ok
2106	26139.0	920	922	2	ok
2107	26155.7	920	922	2	ok
2108	26172.3	920	922	2	ok
2109	26189.0	920	922	2	ok
2110	26205.7	920	922	2	ok
2111	26222.3	920	922	2	ok
2112	26239.0	920	922	2	ok
2113	26255.7	920	922	2	ok
2114	26272.3	920	922	2	ok
2115	26289.0	920	922	2	ok
2116	26305.7	920	922	2	ok
2117	26322.3	920	922	2	ok
2118	26339.0	920	922	2	ok
2119	26355.7		922		not_comp
2120	26372.3		914		not_comp
2121	26389.0		914		not_comp
2122	26405.7		914		not_comp
2123	26422.3		904		not_comp
2124	26439.0		878		not_comp
2125	26455.7		858		not_comp
2126	26472.3		858		not_comp
2127	26489.0		858		not_comp
2128	26505.7		814		not_comp
2129	26522.3		814		not_comp
2130	26539.0		764		not_comp
2131	26555.7		764		not_comp
2132	26572.3		686		not_comp
2133	26589.0		686		not_comp
2134	26605.7		662		not_comp
2135	26622.3		640		not_comp
2136	26639.0		604		not_comp
2137	26655.7		604		not_comp
2138	26672.3		570		not_comp
2139	26689.0		552		not_comp
2140	26705.7		552		not_comp
2141	26722.3		518		not_comp
2142	26739.0		504		not_comp
2143	26755.7		504		not_comp
2144	26772.3		480		not_comp
2145	26789.0		480		not_comp
2146	26805.7		458		not_comp
2147	26822.3		452		not_comp
2148	26839.0		452		not_comp
2149	26855.7		438		not_comp
2150	26872.3		432		not_comp
2151	26889.0		432		not_comp
2152	26905.7		422		not_comp
2153	26922.3		422		not_comp
2154	26939.0		412		not_comp
2155	26955.7		412		not_comp
2156	26972.3		412		not_comp
2157	26989.0		400		not_comp
2158	27005.7		400		not_comp
2159	27022.3		400		not_comp
2160	27039.0		396		not_comp
2161	27055.7		396		not_comp
2162	27072.3		394		not_comp
2163	27089.0		394		not_comp
2164	27105.7		394		not_comp
2165	27122.3	394	394	0	ok
2166	27139.0	394	394	0	ok
2167	27155.7	394	394	0	ok
2168	27172.3	394	394	0	ok
2169	27189.0	394	394	0	ok
2170	27205.7	394	394	0	ok
2171	27222.3	394	394	0	ok
2172	27239.0	394	394	0	ok
2173	27255.7	394	394	0	ok
2174	27272.3	394	394	0	ok
2175	27289.0	394	394	0	ok
2176	27305.7	394	394	0	ok
2177	27322.3		394		not_comp
2178	27339.0		394		not_comp
2179	27355.7		402		not_comp
2180	27372.3		410		not_comp
2181	27389.0		410		not_comp
2182	27405.7		436		not_comp
2183	27422.3		436		not_comp
2184	27439.0		488		not_comp
2185	27455.7		516		not_comp
2186	27472.3		516		not_comp
2187	27489.0		610		not_comp
2188	27505.7		610		not_comp
2189	27522.3		610		not_comp
2190	27539.0		658		not_comp
2191	27555.7		658		not_comp
2192	27572.3		702		not_comp
2193	27589.0		702		not_comp
2194	27605.7		724		not_comp
2195	27622.3		734		not_comp
2196	27639.0		734		not_comp
2197	27655.7		748		not_comp
2198	27672.3		748		not_comp
2199	27689.0		758		not_comp
2200	27705.7		762		not_comp
2201	27722.3		762		not_comp
2202	27739.0		762		not_comp
2203	27755.7		774		not_comp
2204	27772.3		774		not_comp
2205	27789.0		786		not_comp
2206	27805.7		786		not_comp
2207	27822.3		796		not_comp
2208	27839.0		796		not_comp
2209	27855.7		800		not_comp
2210	27872.3		802		not_comp
2211	27889.0		802		not_comp
2212	27905.7		808		not_comp
2213	27922.3		808		not_comp
2214	27939.0		812		not_comp
2215	27955.7		812		not_comp
2216	27972.3		812		not_comp
2217	27989.0		826		not_comp
2218	28005.7		826		not_comp
2219	28022.3		834		not_comp
2220	28039.0		834		not_comp
2221	28055.7		854		not_comp
2222	28072.3		858		not_comp
2223	28089.0		858		not_comp
2224	28105.7		862		not_comp
2225	28122.3		868		not_comp
2226	28139.0		868		not_comp
2227	28155.7		868		not_comp
2228	28172.3		874		not_comp
2229	28189.0		876		not_comp
2230	28205.7		876		not_comp
2231	28222.3		876		not_comp
2232	28239.0		876		not_comp
2233	28255.7		876		not_comp
2234	28272.3		876		not_comp
2235	28289.0		876		not_comp
2236	28305.7		876		not_comp
2237	28322.3		870		not_comp
2238	28339.0		870		not_comp
2239	28355.7		850		not_comp
2240	28372.3		850		not_comp
2241	28389.0		838		not_comp
2242	28405.7		838		not_comp
2243	28422.3		798		not_comp
2244	28439.0		748		not_comp
2245	28455.7		718		not_comp
2246	28472.3		718		not_comp
2247	28489.0		670		not_comp
2248	28505.7		670		not_comp
2249	28522.3		626		not_comp
2250	28539.0		626		not_comp
2251	28555.7		626		not_comp
2252	28572.3		602		not_comp
2253	28589.0		602		not_comp
2254	28605.7		602		not_comp
2255	28622.3		602		not_comp
2256	28639.0		602		not_comp
2257	28655.7		604		not_comp
2258	28672.3		604		not_comp
2259	28689.0		640		not_comp
2260	28705.7		640		not_comp
2261	28722.3		640		not_comp
2262	28739.0		624		not_comp
2263	28755.7		624		not_comp
2264	28772.3		566		not_comp
2265	28789.0		566		not_comp
2266	28805.7		522		not_comp
2267	28822.3		520		not_comp
2268	28839.0		520		not_comp
2269	28855.7		536		not_comp
2270	28872.3		556		not_comp
2271	28889.0		556		not_comp
2272	28905.7		590		not_comp
2273	28922.3		590		not_comp
2274	28939.0		596		not_comp
2275	28955.7		594		not_comp
2276	28972.3		594		not_comp
2277	28989.0		586		not_comp
2278	29005.7		578		not_comp
2279	29022.3		564		not_comp
2280	29039.0		564		not_comp
2281	29055.7		558		not_comp
2282	29072.3		558		not_comp
2283	29089.0		558		not_comp
2284	29105.7		560		not_comp
2285	29122.3		574		not_comp
2286	29139.0		574		not_comp
2287	29155.7		596		not_comp
2288	29172.3		596		not_comp
2289	29189.0		618		not_comp
2290	29205.7		618		not_comp
2291	29222.3		618		not_comp
2292	29239.0		634		not_comp
2293	29255.7		634		not_comp
2294	29272.3		630		not_comp
2295	29289.0		630		not_comp
2296	29305.7		616		not_comp
2297	29322.3		616		not_comp
2298	29339.0		616		not_comp
2299	29355.7		598		not_comp
2300	29372.3		588		not_comp
2301	29389.0		588		not_comp
2302	29405.7		560		not_comp
2303	29422.3		560		not_comp
2304	29439.0		530		not_comp
2305	29455.7		514		not_comp
2306	29472.3		514		not_comp
2307	29489.0		478		not_comp
2308	29505.7		478		not_comp
2309	29522.3		478		not_comp
2310	29539.0		470		not_comp
2311	29555.7		474		not_comp
2312	29572.3		482		not_comp
2313	29589.0		482		not_comp
2314	29605.7		502		not_comp
2315	29622.3		502		not_comp
2316	29639.0		514		not_comp
2317	29655.7		548		not_comp
2318	29672.3		548		not_comp
2319	29689.0		588		not_comp
2320	29705.7		588		not_comp
2321	29722.3		588		not_comp
2322	29739.0		630		not_comp
2323	29755.7		646		not_comp
2324	29772.3		646		not_comp
2325	29789.0		672		not_comp
2326	29805.7		672		not_comp
2327	29822.3		684		not_comp
2328	29839.0		684		not_comp
2329	29855.7		684		not_comp
2330	29872.3		678		not_comp
2331	29889.0		678		not_comp
2332	29905.7		678		not_comp
2333	29922.3		656		not_comp
2334	29939.0		646		not_comp
2335	29955.7		646		not_comp
2336	29972.3		646		not_comp
2337	29989.0		584		not_comp
2338	30005.7		584		not_comp
2339	30022.3		538		not_comp
2340	30039.0		538		not_comp
2341	30055.7		504		not_comp
2342	30072.3		504		not_comp
2343	30089.0		504		not_comp
2344	30105.7		476		not_comp
2345	30122.3		476		not_comp
2346	30139.0		476		not_comp
2347	30155.7		472		not_comp
2348	30172.3		472		not_comp
2349	30189.0		472		not_comp
2350	30205.7		476		not_comp
2351	30222.3		476		not_comp
2352	30239.0		500		not_comp
2353	30255.7		500		not_comp
2354	30272.3		500		not_comp
2355	30289.0		528		not_comp
2356	30305.7		528		not_comp
2357	30322.3		578		not_comp
2358	30339.0		578		not_comp
2359	30355.7		578		not_comp
2360	30372.3		614		not_comp
2361	30389.0		614		not_comp
2362	30405.7		626		not_comp
2363	30422.3		626		not_comp
2364	30439.0		628		not_comp
2365	30455.7		628		not_comp
2366	30472.3		628		not_comp
2367	30489.0		1588		not_comp
2368	30505.7		622		not_comp
2369	30522.3		622		not_comp
2370	30539.0		608		not_comp
2371	30555.7		608		not_comp
2372	30572.3		576		not_comp
2373	30589.0		576		not_comp
2374	30605.7		570		not_comp
2375	30622.3		564		not_comp
2376	30639.0		564		not_comp
2377	30655.7		562		not_comp
2378	30672.3		562		not_comp
2379	30689.0		560		not_comp
2380	30705.7		568		not_comp
2381	30722.3		568		not_comp
2382	30739.0		586		not_comp
2383	30755.7		586		not_comp
2384	30772.3		586		not_comp
2385	30789.0		600		not_comp
2386	30805.7		600		not_comp
2387	30822.3		622		not_comp
2388	30839.0		622		not_comp
2389	30855.7		626		not_comp
2390	30872.3		626		not_comp
2391	30889.0		626		not_comp
2392	30905.7		626		not_comp
2393	30922.3		626		not_comp
2394	30939.0	624	626	2	ok
2395	30955.7	624	626	2	ok
2396	30972.3	624	626	2	ok
2397	30989.0	624	626	2	ok
2398	31005.7	624	626	2	ok
2399	31022.3	624	626	2	ok
2400	31039.0	624	626	2	ok
2401	31055.7	624	626	2	ok
2402	31072.3	624	626	2	ok
2403	31089.0	624	626	2	ok
2404	31105.7		626		not_comp
2405	31122.3		626		not_comp
2406	31139.0		582		not_comp
2407	31155.7	580	582	2	ok
2408	31172.3	580	582	2	ok
2409	31189.0	580	582	2	ok
2410	31205.7	580	582	2	ok
2411	31222.3	580	582	2	ok
2412	31239.0	580	582	2	ok
2413	31255.7	580	582	2	ok
2414	31272.3	580	582	2	ok
2415	31289.0	580	582	2	ok
2416	31305.7	580	582	2	ok
2417	31322.3	580	582	2	ok
2418	31339.0	580	582	2	ok
2419	31355.7	580	582	2	ok
2420	31372.3	580	582	2	ok
2421	31389.0	580	582	2	ok
2422	31405.7	580	582	2	ok
2423	31422.3	580	582	2	ok
2424	31439.0	580	582	2	ok
2425	31455.7	580	582	2	ok
2426	31472.3		582		not_comp
2427	31489.0		532		not_comp
2428	31505.7		532		not_comp
2429	31522.3	532	532	0	ok
2430	31539.0	532	532	0	ok
2431	31555.7	532	532	0	ok
2432	31572.3	532	532	0	ok
2433	31589.0	532	532	0	ok
2434	31605.7	532	532	0	ok
2435	31622.3	532	532	0	ok
2436	31639.0	532	532	0	ok
2437	31655.7	532	532	0	ok
2438	31672.3	532	532	0	ok
2439	31689.0	532	532	0	ok
2440	31705.7	532	532	0	ok
2441	31722.3	532	532	0	ok
2442	31739.0	532	532	0	ok
2443	31755.7	532	532	0	ok
2444	31772.3	532	532	0	ok
2445	31789.0	532	532	0	ok
2446	31805.7	532	532	0	ok
2447	31822.3	532	532	0	ok
2448	31839.0	532	532	0	ok
2449	31855.7	532	532	0	ok
2450	31872.3	532	532	0	ok
2451	31889.0	532	532	0	ok
2452	31905.7	532	532	0	ok
2453	31922.3	532	532	0	ok
2454	31939.0	532	532	0	ok
2455	31955.7	532	532	0	ok
2456	31972.3	532	532	0	ok
2457	31989.0	532	532	0	ok
2458	32005.7	532	532	0	ok
2459	32022.3	532	532	0	ok
2460	32039.0	532	532	0	ok
2461	32055.7	532	532	0	ok
2462	32072.3	532	532	0	ok
2463	32089.0		532		not_comp
2464	32105.7		532		not_comp
2465	32122.3		532		no_zoom
2466	32139.0		532		no_zoom
2467	32155.7		532		no_zoom
2468	32172.3		532		edge_off
2469	32189.0		532		edge_off
2470	32205.7		532		edge_off
2471	32222.3		532		edge_off
2472	32239.0		532		edge_off
2473	32255.7		532		edge_off
2474	32272.3		532		edge_off
2475	32289.0		532		edge_off
2476	32305.7		532		edge_off
2477	32322.3		532		edge_off
2478	32339.0		532		edge_off
2479	32355.7		532		edge_off
2480	32372.3		532		edge_off
2481	32389.0		532		edge_off
2482	32405.7		532		edge_off
2483	32422.3		532		edge_off
2484	32439.0		532		edge_off
2485	32455.7		532		edge_off
2486	32472.3		532		edge_off
2487	32489.0		532		edge_off
2488	32505.7		532		edge_off
2489	32522.3		532		edge_off
2490	32539.0		532		edge_off
2491	32555.7		532		edge_off
2492	32572.3		532		edge_off
2493	32589.0		532		edge_off
2494	32605.7		532		edge_off
2495	32622.3		532		edge_off
2496	32639.0		532		edge_off
2497	32655.7		532		edge_off
2498	32672.3		532		edge_off
2499	32689.0		532		edge_off
2500	32705.7		532		edge_off
2501	32722.3		532		edge_off
2502	32739.0		532		edge_off
2503	32755.7		532		edge_off
2504	32772.3		532		edge_off
2505	32789.0		532		edge_off
2506	32805.7		532		edge_off
2507	32822.3		532		edge_off
2508	32839.0		532		edge_off
2509	32855.7		532		edge_off
2510	32872.3		532		edge_off
2511	32889.0		532		no_zoom
2512	32905.7		532		no_zoom
2513	32922.3		532		no_zoom
2514	32939.0		532		no_zoom
2515	32955.7		532		no_zoom
2516	32972.3		532		no_zoom
2517	32989.0		532		no_zoom
2518	33005.7		532		no_zoom
2519	33022.3		532		no_zoom
2520	33039.0		532		no_zoom
2521	33055.7		532		no_zoom
2522	33072.3		532		no_zoom
2523	33089.0		532		no_zoom
2524	33105.7		532		no_zoom
2525	33122.3		532		no_zoom
2526	33139.0		532		no_zoom
2527	33155.7		532		no_zoom
2528	33172.3		532		no_zoom
2529	33189.0		532		no_zoom
2530	33205.7		532		no_zoom
2531	33222.3		532		no_zoom
2532	33239.0		532		no_zoom
2533	33255.7		532		no_zoom
2534	33272.3		532		no_zoom
2535	33289.0		532		no_zoom
2536	33305.7		532		no_zoom
2537	33322.3		532		no_zoom
2538	33339.0		532		no_zoom
2539	33355.7		532		no_zoom
2540	33372.3		532		no_zoom
2541	33389.0		532		no_zoom
2542	33405.7		532		no_zoom
2543	33422.3		532		no_zoom
2544	33439.0		532		no_zoom
2545	33455.7		532		no_zoom
2546	33472.3		532		no_zoom
2547	33489.0		532		no_zoom
2548	33505.7		532		no_zoom
2549	33522.3		532		no_zoom
2550	33539.0		532		no_zoom
2551	33555.7		532		no_zoom
2552	33572.3		532		no_zoom
2553	33589.0		532		no_zoom
2554	33605.7		532		no_zoom
2555	33622.3		532		no_zoom
2556	33639.0		532		no_zoom
2557	33655.7		532		no_zoom
2558	33672.3		532		no_zoom
2559	33689.0		532		no_zoom
2560	33705.7		532		no_zoom
2561	33722.3		532		no_zoom
2562	33739.0		532		no_zoom
2563	33755.7		532		no_zoom
2564	33772.3		532		no_zoom
2565	33789.0		532		no_zoom
2566	33805.7		532		no_zoom
2567	33822.3		532		no_zoom
2568	33839.0		532		no_zoom
2569	33855.7		544		no_zoom
2570	33872.3		544		not_comp
2571	33889.0		544		not_comp
2572	33905.7		544		not_comp
2573	33922.3		544		not_comp
2574	33939.0	544	544	0	ok
2575	33955.7	544	544	0	ok
2576	33972.3	544	544	0	ok
2577	33989.0	544	544	0	ok
2578	34005.7	544	544	0	ok
2579	34022.3	544	544	0	ok
2580	34039.0	544	544	0	ok
2581	34055.7		544		not_comp
2582	34072.3		544		not_comp
2583	34089.0		544		not_comp
2584	34105.7		544		not_comp
2585	34122.3		544		not_comp
2586	34139.0		544		not_comp
2587	34155.7		544		not_comp
2588	34172.3		544		not_comp
2589	34189.0		544		not_comp
2590	34205.7		544		not_comp
2591	34222.3		544		not_comp
2592	34239.0		544		not_comp
2593	34255.7		544		not_comp
2594	34272.3		544		not_comp
2595	34289.0		544		not_comp
2596	34305.7		544		not_comp
2597	34322.3		544		no_zoom
2598	34339.0		544		no_zoom
2599	34355.7		544		no_zoom
2600	34372.3		544		no_zoom
2601	34389.0		544		no_zoom
2602	34405.7		544		no_zoom
2603	34422.3		544		no_zoom
2604	34439.0		544		no_zoom
2605	34455.7		544		no_zoom
2606	34472.3		544		no_zoom
2607	34489.0		544		no_zoom
2608	34505.7		544		no_zoom
2609	34522.3		544		no_zoom
2610	34539.0		544		no_zoom
2611	34555.7		544		no_zoom
2612	34572.3		544		no_zoom
2613	34589.0		544		no_zoom
2614	34605.7		544		no_zoom
2615	34622.3		544		no_zoom
2616	34639.0		544		no_zoom
2617	34655.7		544		no_zoom
2618	34672.3		544		no_zoom
2619	34689.0		544		no_zoom
2620	34705.7		544		no_zoom
2621	34722.3		544		no_zoom
2622	34739.0		544		no_zoom
2623	34755.7		544		edge_off
2624	34772.3		544		edge_off
2625	34789.0		544		edge_off
2626	34805.7		544		edge_off
2627	34822.3		544		edge_off
2628	34839.0		544		edge_off
2629	34855.7		544		edge_off
2630	34872.3		544		edge_off
2631	34889.0		544		edge_off
2632	34905.7		544		edge_off
2633	34922.3		544		edge_off
2634	34939.0		544		edge_off
2635	34955.7		544		edge_off
2636	34972.3		544		edge_off
2637	34989.0		544		edge_off
2638	35005.7		544		edge_off
2639	35022.3		544		edge_off
2640	35039.0		544		edge_off
2641	35055.7		544		edge_off
2642	35072.3		544		edge_off
2643	35089.0		544		edge_off
2644	35105.7		544		edge_off
2645	35122.3		544		edge_off
2646	35139.0		544		edge_off
2647	35155.7		544		edge_off
2648	35172.3		544		edge_off
2649	35189.0		544		edge_off
2650	35205.7		544		edge_off
2651	35222.3		544		edge_off
2652	35239.0		544		edge_off
2653	35255.7		544		edge_off
2654	35272.3		544		edge_off
2655	35289.0		544		edge_off
2656	35305.7		544		edge_off
2657	35322.3		544		edge_off
2658	35339.0		544		edge_off
2659	35355.7		544		edge_off
2660	35372.3		544		no_zoom
2661	35389.0		544		no_zoom
2662	35405.7		544		no_zoom
2663	35422.3		544		no_zoom
2664	35439.0		544		no_zoom
2665	35455.7		544		no_zoom
2666	35472.3		544		no_zoom
2667	35489.0		544		no_zoom
2668	35505.7		544		no_zoom
2669	35522.3		544		no_zoom
2670	35539.0		544		no_zoom
2671	35555.7		544		no_zoom
2672	35572.3		544		no_zoom
2673	35589.0		544		no_zoom
2674	35605.7		544		no_zoom
2675	35622.3		544		no_zoom
2676	35639.0		544		no_zoom
2677	35655.7		544		no_zoom
2678	35672.3		544		no_zoom
2679	35689.0		544		no_zoom
2680	35705.7		544		no_zoom
2681	35722.3		544		no_zoom
2682	35739.0		544		no_zoom
2683	35755.7		544		no_zoom
2684	35772.3		544		no_zoom
2685	35789.0		544		no_zoom
2686	35805.7		544		no_zoom
2687	35822.3		544		no_zoom
2688	35839.0		544		no_zoom
2689	35855.7		544		no_zoom
2690	35872.3		544		no_zoom
2691	35889.0		544		no_zoom
2692	35905.7		544		no_zoom
2693	35922.3		544		no_zoom
2694	35939.0		544		no_zoom
2695	35955.7		544		no_zoom
2696	35972.3		544		no_zoom
2697	35989.0		544		no_zoom
2698	36005.7		544		no_zoom
2699	36022.3		544		no_zoom
2700	36039.0		544		no_zoom
2701	36055.7		544		no_zoom
2702	36072.3		544		no_zoom
2703	36089.0		544		no_zoom
2704	36105.7		544		no_zoom
2705	36122.3		544		no_zoom
2706	36139.0		544		no_zoom
2707	36155.7		544		no_zoom
2708	36172.3		544		no_zoom
2709	36189.0		544		no_zoom
2710	36205.7		544		no_zoom
2711	36222.3		544		no_zoom
2712	36239.0		544		no_zoom
2713	36255.7		544		no_zoom
2714	36272.3		544		no_zoom
2715	36289.0		544		no_zoom
2716	36305.7		544		no_zoom
2717	36322.3		544		no_zoom
2718	36339.0		544		no_zoom
2719	36355.7		544		edge_off
2720	36372.3		544		edge_off
2721	36389.0		544		edge_off
2722	36405.7		544		edge_off
2723	36422.3		544		edge_off
2724	36439.0		544		edge_off
2725	36455.7		544		edge_off
2726	36472.3		544		edge_off
2727	36489.0		544		edge_off
2728	36505.7		544		edge_off
2729	36522.3		544		edge_off
2730	36539.0		544		edge_off
2731	36555.7		544		edge_off
2732	36572.3		544		edge_off
2733	36589.0		544		edge_off
2734	36605.7		544		edge_off
2735	36622.3		544		edge_off
2736	36639.0		544		edge_off
2737	36655.7		544		edge_off
2738	36672.3		544		edge_off
2739	36689.0		544		edge_off
2740	36705.7		544		edge_off
2741	36722.3		544		edge_off
2742	36739.0		544		edge_off
2743	36755.7		544		edge_off
2744	36772.3		544		edge_off
2745	36789.0		544		edge_off
2746	36805.7		544		edge_off
2747	36822.3		544		edge_off
2748	36839.0		544		edge_off
2749	36855.7		544		edge_off
2750	36872.3		544		edge_off
2751	36889.0		544		edge_off
2752	36905.7		544		edge_off
2753	36922.3		544		edge_off
2754	36939.0		544		no_zoom
2755	36955.7		544		no_zoom
2756	36972.3		544		no_zoom
2757	36989.0		544		no_zoom
2758	37005.7		544		no_zoom
2759	37022.3		544		no_zoom
2760	37039.0		558		no_zoom
2761	37055.7		558		not_comp
2762	37072.3		558		not_comp
2763	37089.0		558		not_comp
2764	37105.7		558		not_comp
2765	37122.3	556	558	2	ok
2766	37139.0	556	558	2	ok
2767	37155.7	556	558	2	ok
2768	37172.3	556	558	2	ok
2769	37189.0	556	558	2	ok
2770	37205.7	556	558	2	ok
2771	37222.3	556	558	2	ok
2772	37239.0	556	558	2	ok
2773	37255.7	556	558	2	ok
2774	37272.3	556	558	2	ok
2775	37289.0	556	558	2	ok
2776	37305.7	556	558	2	ok
2777	37322.3	556	558	2	ok
2778	37339.0	556	558	2	ok
2779	37355.7	556	558	2	ok
2780	37372.3	556	558	2	ok
2781	37389.0	556	558	2	ok
2782	37405.7	556	558	2	ok
2783	37422.3	556	558	2	ok
2784	37439.0		614		not_comp
2785	37455.7		614		not_comp
2786	37472.3		614		not_comp
2787	37489.0		614		not_comp
2788	37505.7		614		not_comp
2789	37522.3	614	614	0	ok
2790	37539.0	614	614	0	ok
2791	37555.7	614	614	0	ok
2792	37572.3		654		not_comp
2793	37589.0		654		not_comp
2794	37605.7		654		not_comp
2795	37622.3		654		not_comp
2796	37639.0		654		not_comp
2797	37655.7	652	654	2	ok
2798	37672.3	652	654	2	ok
2799	37689.0	652	654	2	ok
2800	37705.7	652	654	2	ok
2801	37722.3	652	654	2	ok
2802	37739.0	652	654	2	ok
2803	37755.7	652	654	2	ok
2804	37772.3	652	654	2	ok
2805	37789.0		654		not_comp
2806	37805.7		654		not_comp
2807	37822.3		642		not_comp
2808	37839.0		642		not_comp
2809	37855.7		634		not_comp
2810	37872.3		630		not_comp
2811	37889.0		630		not_comp
2812	37905.7		622		not_comp
2813	37922.3		622		not_comp
2814	37939.0		608		not_comp
2815	37955.7		600		not_comp
2816	37972.3		600		not_comp
2817	37989.0		568		not_comp
2818	38005.7		568		not_comp
2819	38022.3		568		not_comp
2820	38039.0		544		not_comp
2821	38055.7		542		not_comp
2822	38072.3		522		not_comp
2823	38089.0		522		not_comp
2824	38105.7		506		not_comp
2825	38122.3		506		not_comp
2826	38139.0		506		not_comp
2827	38155.7		492		not_comp
2828	38172.3		492		not_comp
2829	38189.0		474		not_comp
2830	38205.7		472		not_comp
2831	38222.3		472		not_comp
2832	38239.0		466		not_comp
2833	38255.7		466		not_comp
2834	38272.3		466		not_comp
2835	38289.0		456		not_comp
2836	38305.7		456		not_comp
2837	38322.3		424		not_comp
2838	38339.0		424		not_comp
2839	38355.7		424		not_comp
2840	38372.3		410		not_comp
2841	38389.0		410		not_comp
2842	38405.7		396		not_comp
2843	38422.3		396		not_comp
2844	38439.0		394		not_comp
2845	38455.7		390		not_comp
2846	38472.3		390		not_comp
2847	38489.0		386		not_comp
2848	38505.7		384		not_comp
2849	38522.3		384		not_comp
2850	38539.0		382		not_comp
2851	38555.7		382		not_comp
2852	38572.3		378		not_comp
2853	38589.0		378		not_comp
2854	38605.7		378		not_comp
2855	38622.3		378		not_comp
2856	38639.0		378		not_comp
2857	38655.7		378		not_comp
2858	38672.3		378		not_comp
2859	38689.0		378		not_comp
2860	38705.7		378		not_comp
2861	38722.3		378		not_comp
2862	38739.0		378		not_comp
2863	38755.7		378		not_comp
2864	38772.3		378		not_comp
2865	38789.0		378		not_comp
2866	38805.7		378		not_comp
2867	38822.3		378		not_comp
2868	38839.0		378		not_comp
2869	38855.7		378		not_comp
2870	38872.3		378		not_comp
2871	38889.0		378		not_comp
2872	38905.7		378		not_comp
2873	38922.3		378		not_comp
2874	38939.0		378		not_comp
2875	38955.7		378		not_comp
2876	38972.3		378		not_comp
2877	38989.0		390		not_comp
2878	39005.7		390		not_comp
2879	39022.3		404		not_comp
2880	39039.0		404		not_comp
2881	39055.7		430		not_comp
2882	39072.3		444		not_comp
2883	39089.0		444		not_comp
2884	39105.7		472		not_comp
2885	39122.3		488		not_comp
2886	39139.0		488		not_comp
2887	39155.7		524		not_comp
2888	39172.3		524		not_comp
2889	39189.0		570		not_comp
2890	39205.7		598		not_comp
2891	39222.3		598		not_comp
2892	39239.0		660		not_comp
2893	39255.7		660		not_comp
2894	39272.3		720		not_comp
2895	39289.0		720		not_comp
2896	39305.7		772		not_comp
2897	39322.3		796		not_comp
2898	39339.0		796		not_comp
2899	39355.7		816		not_comp
2900	39372.3		834		not_comp
2901	39389.0		834		not_comp
2902	39405.7		862		not_comp
2903	39422.3		886		not_comp
2904	39439.0		896		not_comp
2905	39455.7		896		not_comp
2906	39472.3		896		not_comp
2907	39489.0		920		not_comp
2908	39505.7		920		not_comp
2909	39522.3		920		not_comp
2910	39539.0		932		not_comp
2911	39555.7		932		not_comp
2912	39572.3		942		not_comp
2913	39589.0		942		not_comp
2914	39605.7		942		not_comp
2915	39622.3		952		not_comp
2916	39639.0		952		not_comp
2917	39655.7		960		not_comp
2918	39672.3		960		not_comp
2919	39689.0		970		not_comp
2920	39705.7		974		not_comp
2921	39722.3		974		not_comp
2922	39739.0		980		not_comp
2923	39755.7		980		not_comp
2924	39772.3		988		not_comp
2925	39789.0		988		not_comp
2926	39805.7		988		not_comp
2927	39822.3		1000		not_comp
2928	39839.0		1000		not_comp
2929	39855.7		1000		not_comp
2930	39872.3		1008		not_comp
2931	39889.0		1008		not_comp
2932	39905.7		1008		not_comp
2933	39922.3		1014		not_comp
2934	39939.0		1016		not_comp
2935	39955.7		1016		not_comp
2936	39972.3		1016		not_comp
2937	39989.0		1018		not_comp
2938	40005.7		1018		not_comp
2939	40022.3		1018		not_comp
2940	40039.0		1018		not_comp
2941	40055.7		1020		not_comp
2942	40072.3		1022		not_comp
2943	40089.0		1022		not_comp
2944	40105.7		1026		not_comp
2945	40122.3		1028		not_comp
2946	40139.0		1028		not_comp
2947	40155.7		1028		not_comp
2948	40172.3		1028		not_comp
2949	40189.0		1030		not_comp
2950	40205.7		1030		not_comp
2951	40222.3		1030		not_comp
2954	40272.3	1028	1030	2	ok
2955	40289.0	1028	1030	2	ok
2956	40305.7		1028		not_comp
2957	40322.3		1028		not_comp
2958	40339.0		1024		not_comp
2959	40355.7		1024		not_comp
2960	40372.3		998		not_comp
2961	40389.0		998		not_comp
2962	40405.7		998		not_comp
2963	40422.3		980		not_comp
2964	40439.0		980		not_comp
2965	40455.7		978		not_comp
2966	40472.3		978		not_comp
2967	40489.0		978		not_comp
2968	40505.7		978		not_comp
2969	40522.3		978		not_comp
2970	40539.0		982		not_comp
2971	40555.7		982		not_comp
2972	40572.3		992		not_comp
2973	40589.0		992		not_comp
2974	40605.7		994		not_comp
2975	40622.3		998		not_comp
2976	40639.0		998		not_comp
2977	40655.7		1004		not_comp
2978	40672.3		1004		not_comp
2979	40689.0		1014		not_comp
2980	40705.7		1018		not_comp
2981	40722.3		1030		not_comp
2982	40739.0		1034		not_comp
2983	40755.7		1034		not_comp
2984	40772.3		1034		not_comp
2985	40789.0		1044		not_comp
2986	40805.7		1044		not_comp
2987	40822.3		1050		not_comp
2988	40839.0		1050		not_comp
2989	40855.7		1050		not_comp
2990	40872.3		1050		edge_off
2991	40889.0		1050		edge_off
2992	40905.7		1888		edge_off
2993	40922.3		1888		edge_off
2994	40939.0		1050		edge_off
2995	40955.7		1050		edge_off
2996	40972.3		1050		not_comp
2997	40989.0		1048		not_comp
2998	41005.7		1048		not_comp
2999	41022.3		1042		not_comp
3000	41039.0		1042		not_comp
3001	41055.7		1020		not_comp
3002	41072.3		1006		not_comp
3003	41089.0		1006		not_comp
3004	41105.7		970		not_comp
3005	41122.3		948		not_comp
3006	41139.0		948		not_comp
3007	41155.7		948		not_comp
3008	41172.3		910		not_comp
3009	41189.0		868		not_comp
3010	41205.7		868		not_comp
3011	41222.3		868		not_comp
3012	41239.0		814		not_comp
3013	41255.7		814		not_comp
3014	41272.3		782		not_comp
3015	41289.0		782		not_comp
3016	41305.7		750		not_comp
3017	41322.3		734		not_comp
3018	41339.0		734		not_comp
3019	41355.7		734		not_comp
3020	41372.3		706		not_comp
3021	41389.0		706		not_comp
3022	41405.7		684		not_comp
3023	41422.3		684		not_comp
3024	41439.0		666		not_comp
3025	41455.7		656		not_comp
3026	41472.3		656		not_comp
3027	41489.0		624		not_comp
3028	41505.7		624		not_comp
3029	41522.3		624		not_comp
3030	41539.0		602		not_comp
3031	41555.7		602		not_comp
3032	41572.3		570		not_comp
3033	41589.0		570		not_comp
3034	41605.7		554		not_comp
3035	41622.3		554		not_comp
3036	41639.0		554		not_comp
3037	41655.7		530		not_comp
3038	41672.3		530		not_comp
3039	41689.0		530		not_comp
3040	41705.7		512		not_comp
3041	41722.3		512		not_comp
3042	41739.0		500		not_comp
3043	41755.7		500		not_comp
3044	41772.3		500		not_comp
3045	41789.0		488		not_comp
3046	41805.7		488		not_comp
3047	41822.3		474		not_comp
3048	41839.0		474		not_comp
3049	41855.7		474		not_comp
3050	41872.3		462		not_comp
3051	41889.0		462		not_comp
3052	41905.7		462		not_comp
3053	41922.3		456		not_comp
3054	41939.0		454		not_comp
3055	41955.7		454		not_comp
3056	41972.3		454		not_comp
3057	41989.0		450		not_comp
3058	42005.7		450		not_comp
3059	42022.3		450		not_comp
3060	42039.0		446		not_comp
3061	42055.7		442		not_comp
3062	42072.3		440		not_comp
3063	42089.0		440		not_comp
3064	42105.7		436		not_comp
3065	42122.3		434		not_comp
3066	42139.0		434		not_comp
3067	42155.7		428		not_comp
3068	42172.3		428		not_comp
3069	42189.0		418		not_comp
3070	42205.7		414		not_comp
3071	42222.3		404		not_comp
3072	42239.0		400		not_comp
3073	42255.7		400		not_comp
3074	42272.3		400		not_comp
3075	42289.0		396		not_comp
3076	42305.7		396		not_comp
3077	42322.3		392		not_comp
3078	42339.0		392		not_comp
3079	42355.7		392		not_comp
3080	42372.3		390		not_comp
3081	42389.0		390		not_comp
3082	42405.7		390		not_comp
3083	42422.3		390		not_comp
3084	42439.0		390		not_comp
3085	42455.7		388		not_comp
3086	42472.3		388		not_comp
3087	42489.0		388		not_comp
3088	42505.7		388		not_comp
3089	42522.3		388		not_comp
3090	42539.0		388		not_comp
3091	42555.7		388		not_comp
3092	42572.3	386	388	2	ok
3093	42589.0	386	388	2	ok
3094	42605.7	386	388	2	ok
3095	42622.3	386	388	2	ok
3096	42639.0	386	388	2	ok
3097	42655.7	386	388	2	ok
3098	42672.3	386	388	2	ok
3099	42689.0	386	388	2	ok
3100	42705.7	386	388	2	ok
3101	42722.3	386	388	2	ok
3102	42739.0	386	388	2	ok
3103	42755.7		388		not_comp
3104	42772.3		392		not_comp
3105	42789.0		392		not_comp
3106	42805.7		398		not_comp
3107	42822.3		408		not_comp
3108	42839.0		408		not_comp
3109	42855.7		422		not_comp
3110	42872.3		444		not_comp
3111	42889.0		444		not_comp
3112	42905.7		486		not_comp
3113	42922.3		486		not_comp
3114	42939.0		530		not_comp
3115	42955.7		548		not_comp
3116	42972.3		548		not_comp
3117	42989.0		622		not_comp
3118	43005.7		622		not_comp
3119	43022.3		680		not_comp
3120	43039.0		680		not_comp
3121	43055.7		744		not_comp
3122	43072.3		744		not_comp
3123	43089.0		770		not_comp
3124	43105.7		792		not_comp
3125	43122.3		810		not_comp
3126	43139.0		810		not_comp
3127	43155.7		832		not_comp
3128	43172.3		842		not_comp
3129	43189.0		844		not_comp
3130	43205.7		844		not_comp
3131	43222.3		844		not_comp
3132	43239.0		844		not_comp
3133	43255.7		844		not_comp
3134	43272.3		844		not_comp
3135	43289.0		844		not_comp
3136	43305.7		844		not_comp
3137	43322.3		844		not_comp
3138	43339.0		844		not_comp
3139	43355.7		840		not_comp
3140	43372.3		836		not_comp
3141	43389.0		836		not_comp
3142	43405.7		818		not_comp
3143	43422.3		818		not_comp
3144	43439.0		784		not_comp
3145	43455.7		760		not_comp
3146	43472.3		706		not_comp
3147	43489.0		676		not_comp
3148	43505.7		676		not_comp
3149	43522.3		608		not_comp
3150	43539.0		608		not_comp
3151	43555.7		538		not_comp
3152	43572.3		510		not_comp
3153	43589.0		510		not_comp
3154	43605.7		484		not_comp
3155	43622.3		462		not_comp
3156	43639.0		442		not_comp
3157	43655.7		442		not_comp
3158	43672.3		442		not_comp
3159	43689.0		440		not_comp
3160	43705.7		440		not_comp
3161	43722.3		444		not_comp
3162	43739.0		452		not_comp
3163	43755.7		452		not_comp
3164	43772.3		484		not_comp
3165	43789.0		484		not_comp
3166	43805.7		532		not_comp
3167	43822.3		532		not_comp
3168	43839.0		532		not_comp
3169	43855.7		532		not_comp
3170	43872.3		628		not_comp
3171	43889.0		628		not_comp
3172	43905.7		628		not_comp
3173	43922.3		686		not_comp
3174	43939.0		702		not_comp
3175	43955.7		702		not_comp
3176	43972.3		702		not_comp
3177	43989.0		732		not_comp
3178	44005.7		732		not_comp
3179	44022.3		732		not_comp
3180	44039.0		738		not_comp
3181	44055.7		738		not_comp
3182	44072.3		738		not_comp
3183	44089.0		738		not_comp
3184	44105.7		740		not_comp
3185	44122.3		736		not_comp
3186	44139.0	738	740	2	ok
3187	44155.7	738	740	2	ok
3188	44172.3		740		not_comp
3189	44189.0		736		not_comp
3190	44205.7		734		not_comp
3191	44222.3		734		not_comp
3192	44239.0		728		not_comp
3193	44255.7		728		not_comp
3194	44272.3		724		not_comp
3195	44289.0		724		not_comp
3196	44305.7		720		not_comp
3197	44322.3		720		not_comp
3198	44339.0		720		not_comp
3199	44355.7		720		not_comp
3200	44372.3		718		not_comp
3201	44389.0		718		not_comp
3202	44405.7		718		not_comp
3203	44422.3		718		not_comp
3204	44439.0		718		not_comp
3205	44455.7		718		not_comp
3206	44472.3		718		not_comp
3207	44489.0		718		not_comp
3208	44505.7		718		not_comp
3209	44522.3		718		not_comp
3210	44539.0		718		not_comp
3211	44555.7		718		not_comp
3212	44572.3		718		not_comp
3213	44589.0		718		not_comp
3214	44605.7		718		not_comp
3215	44622.3		718		not_comp
3216	44639.0		718		not_comp
3217	44655.7		718		not_comp
3218	44672.3		718		not_comp
3219	44689.0		718		not_comp
3220	44705.7		718		not_comp
3221	44722.3		718		not_comp
3222	44739.0		718		not_comp
3223	44755.7		718		not_comp
3224	44772.3		718		not_comp
3225	44789.0		718		not_comp
3226	44805.7		718		not_comp
3227	44822.3		718		not_comp
3228	44839.0		718		not_comp
3229	44855.7		718		not_comp
3230	44872.3		718		not_comp
3231	44889.0		718		not_comp
3232	44905.7		718		not_comp
3233	44922.3		718		not_comp
3234	44939.0		718		not_comp
3235	44955.7		718		not_comp
3236	44972.3		718		not_comp
3237	44989.0		718		not_comp
3238	45005.7		718		not_comp
3239	45022.3		718		not_comp
3240	45039.0		718		not_comp
3241	45055.7		718		not_comp
3242	45072.3		718		not_comp
3243	45089.0		718		not_comp
3244	45105.7		718		not_comp
3245	45122.3		718		not_comp
3246	45139.0		718		not_comp
3247	45155.7		718		not_comp
3248	45172.3		718		not_comp
3249	45189.0		718		not_comp
3250	45205.7		718		not_comp
3251	45222.3		718		not_comp
3252	45239.0		718		not_comp
3253	45255.7		718		not_comp
3254	45272.3		718		not_comp
3255	45289.0		718		not_comp
3256	45305.7		718		not_comp
3257	45322.3		718		not_comp
3258	45339.0		718		not_comp
3259	45355.7		718		not_comp
3260	45372.3		710		not_comp
3261	45389.0		710		not_comp
3262	45405.7		704		not_comp
3263	45422.3		692		not_comp
3264	45439.0		684		not_comp
3265	45455.7		684		not_comp
3266	45472.3		664		not_comp
3267	45489.0		656		not_comp
3268	45505.7		656		not_comp
3269	45522.3		636		not_comp
3270	45539.0		636		not_comp
3271	45555.7		624		not_comp
3272	45572.3		620		not_comp
3273	45589.0		620		not_comp
3274	45605.7		610		not_comp
3275	45622.3		604		not_comp
3276	45639.0		604		not_comp
3277	45655.7	624	598	26	ok
3278	45672.3	624	598	26	ok
3279	45689.0		580		not_comp
3280	45705.7		574		not_comp
3281	45722.3		574		not_comp
3282	45739.0		560		not_comp
3283	45755.7		560		not_comp
3284	45772.3		560		not_comp
3285	45789.0		552		not_comp
3286	45805.7		552		not_comp
3287	45822.3		542		not_comp
3288	45839.0		542		not_comp
3289	45855.7		542		not_comp
3290	45872.3		534		not_comp
3291	45889.0		534		not_comp
3292	45905.7		534		not_comp
3293	45922.3		530		not_comp
3294	45939.0		530		not_comp
3295	45955.7		528		not_comp
3296	45972.3		528		not_comp
3297	45989.0		528		not_comp
3298	46005.7		528		not_comp
3299	46022.3	530	530	0	ok
3300	46039.0		530		not_comp
3301	46055.7		536		not_comp
3302	46072.3		540		not_comp
3303	46089.0		540		not_comp
3304	46105.7		552		not_comp
3305	46122.3		552		not_comp
3306	46139.0		552		not_comp
3307	46155.7		570		not_comp
3308	46172.3		570		not_comp
3309	46189.0		608		not_comp
3310	46205.7		608		not_comp
3311	46222.3		630		not_comp
3312	46239.0		640		not_comp
3313	46255.7		640		not_comp
3314	46272.3		660		not_comp
3315	46289.0		660		not_comp
3316	46305.7		684		not_comp
3317	46322.3		694		not_comp
3318	46339.0		694		not_comp
3319	46355.7		712		not_comp
3320	46372.3		720		not_comp
3321	46389.0		720		not_comp
3322	46405.7		720		not_comp
3323	46422.3		734		not_comp
3324	46439.0		742		not_comp
3325	46455.7		746		not_comp
3326	46472.3		746		not_comp
3327	46489.0		750		not_comp
3328	46505.7		750		not_comp
3329	46522.3		750		not_comp
3330	46539.0		750		not_comp
3331	46555.7		750		not_comp
3332	46572.3		764		not_comp
3333	46589.0		764		not_comp
3334	46605.7		766		not_comp
3335	46622.3		768		not_comp
3336	46639.0		768		not_comp
3337	46655.7		768		not_comp
3339	46689.0	766	768	2	ok
3340	46705.7		768		not_comp
3341	46722.3		764		not_comp
3342	46739.0		764		not_comp
3343	46755.7		762		not_comp
3344	46772.3		762		not_comp
3345	46789.0		750		not_comp
3346	46805.7		750		not_comp
3347	46822.3		734		not_comp
3348	46839.0		734		not_comp
3349	46855.7		716		not_comp
3350	46872.3		706		not_comp
3351	46889.0		706		not_comp
3352	46905.7		696		not_comp
3353	46922.3		696		not_comp
3354	46939.0		672		not_comp
3355	46955.7		660		not_comp
3356	46972.3		660		not_comp
3357	46989.0		634		not_comp
3358	47005.7		634		not_comp
3359	47022.3		618		not_comp
3360	47039.0		618		not_comp
3361	47055.7		602		not_comp
3362	47072.3		592		not_comp
3363	47089.0		592		not_comp
3364	47105.7		568		not_comp
3365	47122.3		568		not_comp
3366	47139.0		542		not_comp
3367	47155.7		542		not_comp
3368	47172.3		514		not_comp
3369	47189.0		514		not_comp
3370	47205.7		500		not_comp
3371	47222.3		500		not_comp
3372	47239.0		466		not_comp
3373	47255.7		466		not_comp
3374	47272.3		440		not_comp
3375	47289.0		440		not_comp
3376	47305.7		418		not_comp
3377	47322.3		418		not_comp
3378	47339.0		418		not_comp
3379	47355.7		400		not_comp
3380	47372.3		394		not_comp
3381	47389.0		394		not_comp
3382	47405.7		388		not_comp
3383	47422.3		388		not_comp
3384	47439.0		390		not_comp
3385	47455.7		392		not_comp
3386	47472.3		392		not_comp
3387	47489.0		416		not_comp
3388	47505.7		416		not_comp
3389	47522.3		468		not_comp
3390	47539.0		468		not_comp
3391	47555.7		538		not_comp
3392	47572.3		538		not_comp
3393	47589.0		538		not_comp
3394	47605.7		620		not_comp
3395	47622.3		658		not_comp
3396	47639.0		658		not_comp
3397	47655.7		722		not_comp
3398	47672.3		722		not_comp
3399	47689.0		794		not_comp
3400	47705.7		794		not_comp
3401	47722.3		794		not_comp
3402	47739.0		852		not_comp
3403	47755.7		852		not_comp
3404	47772.3		886		not_comp
3405	47789.0		886		not_comp
3406	47805.7		912		not_comp
3407	47822.3		920		not_comp
3408	47839.0		920		not_comp
3409	47855.7		924		not_comp
3410	47872.3		924		not_comp
3411	47889.0		924		not_comp
3412	47905.7		922		not_comp
3413	47922.3		922		not_comp
3414	47939.0		908		not_comp
3415	47955.7		908		not_comp
3416	47972.3		870		not_comp
3417	47989.0		870		not_comp
3418	48005.7		840		not_comp
3419	48022.3		772		not_comp
3420	48039.0		772		not_comp
3421	48055.7		702		not_comp
3422	48072.3		666		not_comp
3423	48089.0		666		not_comp
3424	48105.7		602		not_comp
3425	48122.3		602		not_comp
3426	48139.0		602		not_comp
3427	48155.7		554		not_comp
3428	48172.3		554		not_comp
3429	48189.0		480		not_comp
3430	48205.7		480		not_comp
3431	48222.3		438		not_comp
3432	48239.0		420		not_comp
3433	48255.7		420		not_comp
3434	48272.3		392		not_comp
3435	48289.0		392		not_comp
3436	48305.7		392		not_comp
3437	48322.3		364		not_comp
3438	48339.0		364		not_comp
3439	48355.7		362		not_comp
3440	48372.3		364		not_comp
3441	48389.0		364		not_comp
3442	48405.7		366		not_comp
3443	48422.3		366		not_comp
3444	48439.0		378		not_comp
3445	48455.7		398		not_comp
3446	48472.3		398		not_comp
3447	48489.0		506		not_comp
3448	48505.7		506		not_comp
3449	48522.3		588		not_comp
3450	48539.0		588		not_comp
3451	48555.7		588		not_comp
3452	48572.3		722		not_comp
3453	48589.0		722		not_comp
3454	48605.7		798		not_comp
3455	48622.3		798		not_comp
3456	48639.0		870		not_comp
3457	48655.7		870		not_comp
3458	48672.3		924		not_comp
3459	48689.0		948		not_comp
3460	48705.7		948		not_comp
3461	48722.3		948		no_zoom
3462	48739.0		948		no_zoom
3463	48755.7		948		no_zoom
3464	48772.3		948		no_zoom
3465	48789.0		948		no_zoom
3466	48805.7		948		no_zoom
3467	48822.3		948		no_zoom
3468	48839.0		948		no_zoom
3469	48855.7		948		no_zoom
3470	48872.3		948		no_zoom
3471	48889.0		948		no_zoom
3472	48905.7		948		no_zoom
3473	48922.3		948		no_zoom
3474	48939.0		918		no_zoom
3475	48955.7		878		not_comp
3476	48972.3		802		not_comp
3477	48989.0		768		not_comp
3478	49005.7		768		not_comp
3479	49022.3		696		not_comp
3480	49039.0		696		not_comp
3481	49055.7		634		not_comp
3482	49072.3		634		not_comp
3483	49089.0		594		not_comp
3484	49105.7		558		not_comp
3485	49122.3		530		not_comp
3486	49139.0		530		not_comp
3487	49155.7		478		not_comp
3488	49172.3		478		not_comp
3489	49189.0		448		not_comp
3490	49205.7		428		not_comp
3491	49222.3		406		not_comp
3492	49239.0		406		not_comp
3493	49255.7		406		not_comp
3494	49272.3		406		not_comp
3495	49289.0		406		not_comp
3496	49305.7		406		not_comp
3497	49322.3		410		not_comp
3498	49339.0		410		not_comp
3499	49355.7		418		not_comp
3500	49372.3		434		not_comp
3501	49389.0		434		not_comp
3502	49405.7		490		not_comp
3503	49422.3		566		not_comp
3504	49439.0		608		not_comp
3505	49455.7		608		not_comp
3506	49472.3		688		not_comp
3507	49489.0		726		not_comp
3508	49505.7		726		not_comp
3509	49522.3		726		not_comp
3510	49539.0		788		not_comp
3511	49555.7		788		not_comp
3512	49572.3		868		not_comp
3513	49589.0		868		not_comp
3514	49605.7		868		not_comp
3515	49622.3		918		not_comp
3516	49639.0		918		not_comp
3517	49655.7		930		not_comp
3518	49672.3		930		not_comp
3519	49689.0		934		not_comp
3520	49705.7		932		not_comp
3521	49722.3		932		not_comp
3522	49739.0		928		not_comp
3523	49755.7		928		not_comp
3524	49772.3		928		not_comp
3525	49789.0		910		not_comp
3526	49805.7		910		not_comp
3527	49822.3		848		not_comp
3528	49839.0		848		not_comp
3529	49855.7		848		not_comp
3530	49872.3		740		not_comp
3531	49889.0		740		not_comp
3532	49905.7		740		not_comp
3533	49922.3		650		not_comp
3534	49939.0		562		not_comp
3535	49955.7		562		not_comp
3536	49972.3		486		not_comp
3537	49989.0		460		not_comp
3538	50005.7		460		not_comp
3539	50022.3		460		not_comp
3540	50039.0		426		not_comp
3541	50055.7		418		not_comp
3542	50072.3		418		not_comp
3543	50089.0		418		not_comp
3544	50105.7		418		not_comp
3545	50122.3		418		not_comp
3546	50139.0		418		not_comp
3547	50155.7		424		not_comp
3548	50172.3		424		not_comp
3549	50189.0		446		not_comp
3550	50205.7		462		not_comp
3551	50222.3		506		not_comp
3552	50239.0		528		not_comp
3553	50255.7		528		not_comp
3554	50272.3		528		not_comp
3555	50289.0		552		not_comp
3556	50305.7		552		not_comp
3557	50322.3		556		not_comp
3558	50339.0		556		not_comp
3559	50355.7		556		not_comp
3560	50372.3		538		not_comp
3561	50389.0		538		not_comp
3562	50405.7		538		not_comp
3563	50422.3		466		not_comp
3564	50439.0		422		not_comp
3565	50455.7		400		not_comp
3566	50472.3		400		not_comp
3567	50489.0		366		not_comp
3568	50505.7		366		not_comp
3569	50522.3		366		not_comp
3570	50539.0		354		edge_off
3571	50555.7		354		not_comp
3572	50572.3		356		not_comp
3573	50589.0		356		not_comp
3574	50605.7		356		not_comp
3575	50622.3		360		edge_off
3576	50639.0		378		edge_off
3577	50655.7		378		edge_off
3578	50672.3		398		not_comp
3579	50689.0		410		not_comp
3580	50705.7		410		not_comp
3581	50722.3		428		not_comp
3582	50739.0		434		not_comp
3583	50755.7		434		not_comp
3584	50772.3		452		not_comp
3585	50789.0		452		not_comp
3586	50805.7		480		not_comp
3587	50822.3		490		not_comp
3588	50839.0		490		not_comp
3589	50855.7		522		not_comp
3590	50872.3		536		not_comp
3591	50889.0		536		not_comp
3592	50905.7		554		not_comp
3593	50922.3		554		not_comp
3594	50939.0		560		not_comp
3595	50955.7		560		not_comp
3596	50972.3		570		not_comp
3597	50989.0		596		not_comp
3598	51005.7		620		not_comp
3599	51022.3		620		not_comp
3600	51039.0		656		not_comp
3601	51055.7		656		not_comp
3602	51072.3		686		not_comp
3603	51089.0		686		not_comp
3604	51105.7		702		not_comp
3605	51122.3		702		not_comp
3606	51139.0		702		not_comp
3607	51155.7		742		not_comp
3608	51172.3		742		not_comp
3609	51189.0		748		not_comp
3610	51205.7		748		not_comp
3611	51222.3		748		not_comp
3612	51239.0		778		not_comp
3613	51255.7		778		not_comp
3614	51272.3		782		not_comp
3615	51289.0		782		not_comp
3616	51305.7		800		not_comp
3617	51322.3		800		not_comp
3618	51339.0		800		not_comp
3619	51355.7		826		not_comp
3620	51372.3		844		not_comp
3621	51389.0		844		not_comp
3622	51405.7		866		not_comp
3623	51422.3		878		not_comp
3624	51439.0		886		not_comp
3625	51455.7		886		not_comp
3626	51472.3		908		not_comp
3627	51489.0		922		not_comp
3628	51505.7		922		not_comp
3629	51522.3		946		not_comp
3630	51539.0		946		not_comp
3631	51555.7		946		not_comp
3632	51572.3		966		not_comp
3633	51589.0		966		not_comp
3634	51605.7		968		not_comp
3635	51622.3		970		not_comp
3636	51639.0		970		not_comp
3637	51655.7		986		not_comp
3638	51672.3		986		not_comp
3639	51689.0		986		not_comp
3640	51705.7		1006		not_comp
3641	51722.3		1006		not_comp
3642	51739.0		1010		not_comp
3643	51755.7		1010		not_comp
3644	51772.3		1010		not_comp
3645	51789.0		1014		not_comp
3646	51805.7		1028		not_comp
3647	51822.3		1038		not_comp
3648	51839.0		1038		not_comp
3649	51855.7		1038		not_comp
3650	51872.3		1052		edge_off
3651	51889.0		1052		edge_off
3652	51905.7		1052		edge_off
3653	51922.3		1054		edge_off
3654	51939.0		1054		edge_off
3655	51955.7		1054		edge_off
3656	51972.3		1890		edge_off
3657	51989.0		1052		edge_off
3658	52005.7		1052		edge_off
3659	52022.3		1046		edge_off
3660	52039.0		1046		edge_off
3661	52055.7		1038		edge_off
3662	52072.3		1030		edge_off
3663	52089.0		1030		edge_off
3664	52105.7		1022		not_comp
3665	52122.3		1018		not_comp
3666	52139.0		1018		not_comp
3667	52155.7		1008		not_comp
3668	52172.3		1008		not_comp
3669	52189.0		984		not_comp
3670	52205.7		962		not_comp
3671	52222.3		962		not_comp
3672	52239.0		892		not_comp
3673	52255.7		892		not_comp
3674	52272.3		892		not_comp
3675	52289.0		866		not_comp
3676	52305.7		866		not_comp
3677	52322.3		828		not_comp
3678	52339.0		828		not_comp
3679	52355.7		780		not_comp
3680	52372.3		780		not_comp
3681	52389.0		780		not_comp
3682	52405.7		688		not_comp
3683	52422.3		688		not_comp
3684	52439.0		678		not_comp
3685	52455.7		660		not_comp
3686	52472.3		632		not_comp
3687	52489.0		624		not_comp
3688	52505.7		624		not_comp
3689	52522.3		606		not_comp
3690	52539.0		606		not_comp
3691	52555.7		578		not_comp
3692	52572.3		564		not_comp
3693	52589.0		564		not_comp
3694	52605.7		552		not_comp
3695	52622.3		542		not_comp
3696	52639.0		542		not_comp
3697	52655.7		534		not_comp
3698	52672.3		534		not_comp
3699	52689.0		512		not_comp
3700	52705.7		512		not_comp
3701	52722.3		512		not_comp
3702	52739.0		460		not_comp
3703	52755.7		460		not_comp
3704	52772.3		460		not_comp
3705	52789.0		440		not_comp
3706	52805.7		432		not_comp
3707	52822.3		430		not_comp
3708	52839.0		430		not_comp
3709	52855.7		426		not_comp
3710	52872.3		424		not_comp
3711	52889.0		424		not_comp
3712	52905.7		410		not_comp
3713	52922.3		410		not_comp
3714	52939.0		406		not_comp
3715	52955.7		400		not_comp
3716	52972.3		400		not_comp
3717	52989.0		394		not_comp
3718	53005.7		390		not_comp
3719	53022.3		390		not_comp
3720	53039.0		378		not_comp
3721	53055.7		378		not_comp
3722	53072.3		372		not_comp
3723	53089.0		372		not_comp
3724	53105.7		372		not_comp
3725	53122.3		418		not_comp
3726	53139.0		418		not_comp
3727	53155.7		476		not_comp
3728	53172.3		476		not_comp
3729	53189.0		516		not_comp
3730	53205.7		558		not_comp
3731	53222.3		630		not_comp
3732	53239.0		670		not_comp
3733	53255.7		670		not_comp
3734	53272.3		704		not_comp
3735	53289.0		704		not_comp
3736	53305.7		710		not_comp
3737	53322.3		712		not_comp
3738	53339.0		712		not_comp
3739	53355.7		714		not_comp
3740	53372.3		714		not_comp
3741	53389.0		714		not_comp
3742	53405.7		734		not_comp
3743	53422.3		734		not_comp
3744	53439.0		742		not_comp
3745	53455.7		782		not_comp
3746	53472.3		782		not_comp
3747	53489.0		826		not_comp
3748	53505.7		826		not_comp
3749	53522.3		826		not_comp
3750	53539.0		838		not_comp
3751	53555.7		838		not_comp
3752	53572.3		840		not_comp
3753	53589.0		840		not_comp
3754	53605.7		840		not_comp
3755	53622.3		840		not_comp
3756	53639.0		840		not_comp
3757	53655.7	838	840	2	ok
3758	53672.3		840		not_comp
3759	53689.0		840		not_comp
3760	53705.7		838		not_comp
3761	53722.3		838		not_comp
3762	53739.0		832		not_comp
3763	53755.7		822		not_comp
3764	53772.3		822		not_comp
3765	53789.0		800		not_comp
3766	53805.7		770		not_comp
3767	53822.3		760		not_comp
3768	53839.0		760		not_comp
3769	53855.7		748		not_comp
3770	53872.3		748		not_comp
3771	53889.0		746		not_comp
3772	53905.7		746		not_comp
3773	53922.3		746		not_comp
3774	53939.0		744		not_comp
3775	53955.7		744		not_comp
3776	53972.3		744		not_comp
3777	53989.0		734		not_comp
3778	54005.7		734		not_comp
3779	54022.3		722		not_comp
3780	54039.0		722		not_comp
3781	54055.7		722		not_comp
3782	54072.3		716		not_comp
3783	54089.0		716		not_comp
3784	54105.7		716		not_comp
3785	54122.3		716		not_comp
3786	54139.0		716		not_comp
3787	54155.7	714	716	2	ok
3788	54172.3	714	716	2	ok
3789	54189.0	714	716	2	ok
3790	54205.7	714	716	2	ok
3791	54222.3	714	716	2	ok
3792	54239.0	714	716	2	ok
3793	54255.7	714	716	2	ok
3794	54272.3	714	716	2	ok
3795	54289.0	714	716	2	ok
3796	54305.7	714	716	2	ok
3797	54322.3	714	716	2	ok
3798	54339.0	714	716	2	ok
3799	54355.7	714	716	2	ok
3800	54372.3		716		not_comp
3801	54389.0		716		not_comp
3802	54405.7		716		not_comp
3803	54422.3		668		not_comp
3804	54439.0		668		not_comp
3805	54455.7		622		not_comp
3806	54472.3		622		not_comp
3807	54489.0		622		not_comp
3808	54505.7		622		not_comp
3809	54522.3		622		not_comp
3810	54539.0		622		not_comp
3811	54555.7		622		not_comp
3812	54572.3		622		not_comp
3813	54589.0		622		not_comp
3814	54605.7		622		not_comp
3815	54622.3		622		not_comp
3816	54639.0		622		not_comp
3817	54655.7		622		not_comp
3818	54672.3		622		not_comp
3819	54689.0	622	622	0	ok
3820	54705.7	622	622	0	ok
3821	54722.3	622	622	0	ok
3822	54739.0		622		not_comp
3823	54755.7		668		not_comp
3824	54772.3		668		not_comp
3825	54789.0		668		not_comp
3826	54805.7		668		not_comp
3827	54822.3	666	716	50	ok
3828	54839.0		716		not_comp
3829	54855.7		716		not_comp
3830	54872.3		716		not_comp
3831	54889.0		716		not_comp
3832	54905.7	714	716	2	ok
3833	54922.3	714	716	2	ok
3834	54939.0	714	716	2	ok
3835	54955.7	714	716	2	ok
3836	54972.3	714	716	2	ok
3837	54989.0		756		not_comp
3838	55005.7		756		not_comp
3839	55022.3		756		not_comp
3840	55039.0		756		not_comp
3841	55055.7		756		not_comp
3842	55072.3		792		not_comp
3843	55089.0		792		not_comp
3844	55105.7		792		not_comp
3845	55122.3		792		not_comp
3846	55139.0		792		not_comp
3847	55155.7		792		not_comp
3848	55172.3		792		not_comp
3849	55189.0		792		not_comp
3850	55205.7		792		not_comp
3851	55222.3		792		not_comp
3852	55239.0		792		not_comp
3853	55255.7		792		not_comp
3854	55272.3		792		not_comp
3855	55289.0		792		not_comp
3856	55305.7		792		not_comp
3857	55322.3		792		not_comp
3858	55339.0		792		not_comp
3859	55355.7		792		not_comp
3860	55372.3		792		not_comp
3861	55389.0		792		not_comp
3862	55405.7		792		not_comp
3863	55422.3		792		not_comp
3864	55439.0		792		not_comp
3865	55455.7		792		not_comp
3866	55472.3		792		not_comp
3867	55489.0		792		not_comp
3868	55505.7		792		not_comp
3869	55522.3		792		not_comp
3870	55539.0		792		not_comp
3871	55555.7		792		not_comp
3872	55572.3		792		not_comp
3873	55589.0		792		not_comp
3874	55605.7		792		not_comp
3875	55622.3		792		not_comp
3876	55639.0		792		not_comp
3877	55655.7		792		not_comp
3878	55672.3		762		not_comp
3879	55689.0	760	762	2	ok
3880	55705.7	760	762	2	ok
3881	55722.3	760	762	2	ok
3882	55739.0		822		not_comp
3883	55755.7		822		not_comp
3884	55772.3		822		not_comp
3885	55789.0		822		not_comp
3886	55805.7		822		not_comp
3887	55822.3		822		not_comp
3888	55839.0		822		not_comp
3889	55855.7		822		not_comp
3890	55872.3	822	822	0	ok
3891	55889.0	822	822	0	ok
3892	55905.7	822	822	0	ok
3893	55922.3	822	822	0	ok
3894	55939.0	822	822	0	ok
3895	55955.7	822	822	0	ok
3896	55972.3	822	822	0	ok
3897	55989.0	822	822	0	ok
3898	56005.7	822	822	0	ok
3899	56022.3	822	822	0	ok
3900	56039.0	822	822	0	ok
3901	56055.7	822	822	0	ok
3902	56072.3	822	822	0	ok
3903	56089.0	822	822	0	ok
3904	56105.7	822	822	0	ok
3905	56122.3	822	822	0	ok
3906	56139.0	822	822	0	ok
3907	56155.7	822	822	0	ok
3908	56172.3	822	822	0	ok
3909	56189.0	822	822	0	ok
3910	56205.7	822	822	0	ok
3911	56222.3	822	822	0	ok
3912	56239.0	822	822	0	ok
3913	56255.7		822		not_comp
3914	56272.3		822		not_comp
3915	56289.0		816		not_comp
3916	56305.7		816		not_comp
3917	56322.3		802		not_comp
3918	56339.0		802		not_comp
3919	56355.7		778		not_comp
3920	56372.3		766		not_comp
3921	56389.0		766		not_comp
3922	56405.7		740		not_comp
3923	56422.3		740		not_comp
3924	56439.0		704		not_comp
3925	56455.7		704		not_comp
3926	56472.3		704		not_comp
3927	56489.0		644		not_comp
3928	56505.7		644		not_comp
3929	56522.3		644		not_comp
3930	56539.0		626		no_zoom
3931	56555.7		626		no_zoom
3932	56572.3		626		no_zoom
3933	56589.0		626		no_zoom
3934	56605.7		626		no_zoom
3935	56622.3		626		no_zoom
3936	56639.0		626		no_zoom
3937	56655.7		626		no_zoom
3938	56672.3		626		no_zoom
3939	56689.0		626		no_zoom
3940	56705.7		626		no_zoom
3941	56722.3		626		no_zoom
3942	56739.0		626		no_zoom
3943	56755.7		626		no_zoom
3944	56772.3		626		no_zoom
3945	56789.0		626		no_zoom
3946	56805.7		626		no_zoom
3947	56822.3		626		no_zoom
3948	56839.0		626		no_zoom
3949	56855.7		626		no_zoom
3950	56872.3		626		no_zoom
3951	56889.0		626		no_zoom
3952	56905.7		626		no_zoom
3953	56922.3		626		no_zoom
3954	56939.0		626		no_zoom
3955	56955.7		626		no_zoom
3956	56972.3		626		no_zoom
3957	56989.0		626		no_zoom
3958	57005.7		626		no_zoom
3959	57022.3		626		no_zoom
3960	57039.0		626		no_zoom
3961	57055.7		626		no_zoom
3962	57072.3		640		no_zoom
3963	57089.0		640		not_comp
3964	57105.7		696		not_comp
3965	57122.3		722		not_comp
3966	57139.0		722		not_comp
3967	57155.7		786		not_comp
3968	57172.3		786		not_comp
3969	57189.0		844		not_comp
3970	57205.7		868		not_comp
3971	57222.3		868		not_comp
3972	57239.0		922		not_comp
3973	57255.7		922		not_comp
3974	57272.3		974		not_comp
3975	57289.0		974		not_comp
3976	57305.7		1020		not_comp
3977	57322.3		1020		not_comp
3978	57339.0		1020		not_comp
3979	57355.7		1056		not_comp
3980	57372.3		1068		not_comp
3981	57389.0		1068		not_comp
3982	57405.7		1086		not_comp
3983	57422.3		1094		not_comp
3984	57439.0		1094		not_comp
3985	57455.7		1098		not_comp
3986	57472.3		1098		not_comp
3987	57489.0		1106		not_comp
3988	57505.7		1106		not_comp
3989	57522.3		1106		not_comp
3990	57539.0		1110		not_comp
3991	57555.7		1110		not_comp
3992	57572.3		1124		not_comp
3993	57589.0		1124		not_comp
3994	57605.7		1130		not_comp
3995	57622.3		1132		not_comp
3996	57639.0		1132		not_comp
3997	57655.7		1134		not_comp
3998	57672.3		1134		not_comp
3999	57689.0		1134		not_comp
4000	57705.7		1134		not_comp
4001	57722.3		1134		not_comp
4002	57739.0		1132		not_comp
4003	57755.7		1132		not_comp
4004	57772.3		1132		not_comp
4005	57789.0		1124		not_comp
4006	57805.7		1112		not_comp
4007	57822.3		1108		not_comp
4008	57839.0		1108		not_comp
4009	57855.7		1108		not_comp
4010	57872.3		1084		not_comp
4011	57889.0		1084		not_comp
4012	57905.7		1066		not_comp
4013	57922.3		1052		not_comp
4014	57939.0		1040		not_comp
4015	57955.7		1040		not_comp
4016	57972.3		1008		not_comp
4017	57989.0		990		not_comp
4018	58005.7		990		not_comp
4019	58022.3		956		not_comp
4020	58039.0		956		not_comp
4021	58055.7		920		not_comp
4022	58072.3		900		not_comp
4023	58089.0		900		not_comp
4024	58105.7		854		not_comp
4025	58122.3		854		not_comp
4026	58139.0		854		not_comp
4027	58155.7		810		not_comp
4028	58172.3		810		not_comp
4029	58189.0		760		not_comp
4030	58205.7		732		not_comp
4031	58222.3		682		not_comp
4032	58239.0		658		not_comp
4033	58255.7		658		not_comp
4034	58272.3		636		not_comp
4035	58289.0		636		no_zoom
4036	58305.7		636		no_zoom
4037	58322.3		636		no_zoom
4038	58339.0		636		no_zoom
4039	58355.7		636		no_zoom
4040	58372.3		636		no_zoom
4041	58389.0		636		no_zoom
4042	58405.7		636		no_zoom
4043	58422.3		636		no_zoom
4044	58439.0		636		no_zoom
4045	58455.7		636		no_zoom
4046	58472.3		636		no_zoom
4047	58489.0		636		no_zoom
4048	58505.7		636		no_zoom
4049	58522.3		636		no_zoom
4050	58539.0		636		no_zoom
4051	58555.7		636		no_zoom
4052	58572.3		636		no_zoom
4053	58589.0		636		no_zoom
4054	58605.7		636		no_zoom
4055	58622.3		636		no_zoom
4056	58639.0		636		no_zoom
4057	58655.7		636		no_zoom
4058	58672.3		636		no_zoom
4059	58689.0		636		no_zoom
4060	58705.7		636		no_zoom
4061	58722.3		636		no_zoom
4062	58739.0		636		no_zoom
4063	58755.7		636		no_zoom
4064	58772.3		636		no_zoom
4065	58789.0		630		no_zoom
4066	58805.7		630		not_comp
4067	58822.3		660		not_comp
4068	58839.0		660		not_comp
4069	58855.7		660		not_comp
4070	58872.3		660		not_comp
4071	58889.0		660		not_comp
4072	58905.7		1218		not_comp
4073	58922.3		1218		not_comp
4074	58939.0	660	660	0	ok
4075	58955.7	660	660	0	ok
4076	58972.3	660	660	0	ok
4077	58989.0	660	660	0	ok
4078	59005.7	660	660	0	ok
4079	59022.3	660	660	0	ok
4080	59039.0	660	660	0	ok
4081	59055.7	660	660	0	ok
4082	59072.3	660	660	0	ok
4083	59089.0	660	660	0	ok
4084	59105.7	660	660	0	ok
4085	59122.3	660	660	0	ok
4086	59139.0	660	660	0	ok
4087	59155.7	660	660	0	ok
4088	59172.3	660	660	0	ok
4089	59189.0	660	660	0	ok
4090	59205.7	660	660	0	ok
4091	59222.3	660	660	0	ok
4092	59239.0	660	660	0	ok
4093	59255.7		660		not_comp
4094	59272.3		660		not_comp
4095	59289.0		634		not_comp
4096	59305.7		634		not_comp
4097	59322.3		634		not_comp
4098	59339.0		634		not_comp
4099	59355.7		634		not_comp
4100	59372.3		634		not_comp
4101	59389.0		634		not_comp
4102	59405.7		634		not_comp
4103	59422.3		634		not_comp
4104	59439.0		634		not_comp
4105	59455.7		634		not_comp
4106	59472.3		634		not_comp
4107	59489.0		634		not_comp
4108	59505.7		634		not_comp
4109	59522.3		634		not_comp
4110	59539.0	632	634	2	ok
4111	59555.7	632	634	2	ok
4112	59572.3	632	634	2	ok
4113	59589.0	632	634	2	ok
4114	59605.7	632	634	2	ok
4115	59622.3	632	634	2	ok
4116	59639.0	632	634	2	ok
4117	59655.7	632	634	2	ok
4118	59672.3	632	634	2	ok
4119	59689.0	632	634	2	ok
4120	59705.7	632	634	2	ok
4121	59722.3	632	634	2	ok
4122	59739.0		634		not_comp
4123	59755.7		634		not_comp
4124	59772.3		634		not_comp
4125	59789.0		624		not_comp
4126	59805.7		624		not_comp
4127	59822.3		606		not_comp
4128	59839.0		606		not_comp
4129	59855.7		580		not_comp
4130	59872.3		580		not_comp
4131	59889.0		566		not_comp
4132	59905.7		566		not_comp
4133	59922.3		550		no_zoom
4134	59939.0		550		no_zoom
4135	59955.7		550		no_zoom
4136	59972.3		550		no_zoom
4137	59989.0		550		no_zoom
4138	60005.7		550		no_zoom
4139	60022.3		550		no_zoom
4140	60039.0		550		no_zoom
4141	60055.7		550		no_zoom
4142	60072.3		550		no_zoom
4143	60089.0		550		no_zoom
4144	60105.7		550		no_zoom
4145	60122.3		550		no_zoom
4146	60139.0		550		no_zoom
4147	60155.7		554		no_zoom
4148	60172.3		554		not_comp
4149	60189.0		626		not_comp
4150	60205.7		626		not_comp
4151	60222.3		626		not_comp
4152	60239.0		784		not_comp
4153	60255.7		784		not_comp
4154	60272.3		850		not_comp
4155	60289.0		850		not_comp
4156	60305.7		906		not_comp
4157	60322.3		932		not_comp
4158	60339.0		932		not_comp
4159	60355.7		954		not_comp
4160	60372.3		972		not_comp
4161	60389.0		1006		not_comp
4162	60405.7		1006		not_comp
4163	60422.3		1026		not_comp
4164	60439.0		1036		not_comp
4165	60455.7		1036		not_comp
4166	60472.3		1046		not_comp
4167	60489.0		1046		not_comp
4168	60505.7		1048		not_comp
4169	60522.3		1048		not_comp
4170	60539.0		1050		not_comp
4171	60555.7		1050		not_comp
4172	60572.3		1050		not_comp
4173	60589.0		1050		not_comp
4174	60605.7		1042		not_comp
4175	60622.3		1042		not_comp
4176	60639.0		1042		not_comp
4177	60655.7		1030		not_comp
4178	60672.3		1030		not_comp
4179	60689.0		1002		not_comp
4180	60705.7		1002		not_comp
4181	60722.3		974		not_comp
4182	60739.0		960		not_comp
4183	60755.7		960		not_comp
4184	60772.3		924		not_comp
4185	60789.0		924		not_comp
4186	60805.7		880		not_comp
4187	60822.3		880		not_comp
4188	60839.0		880		not_comp
4189	60855.7		810		not_comp
4190	60872.3		784		not_comp
4191	60889.0		784		not_comp
4192	60905.7		756		not_comp
4193	60922.3		756		not_comp
4194	60939.0		678		not_comp
4195	60955.7		678		not_comp
4196	60972.3		678		not_comp
4197	60989.0		606		not_comp
4198	61005.7		606		not_comp
4199	61022.3		606		not_comp
4200	61039.0		570		not_comp
4201	61055.7		570		not_comp
4202	61072.3		570		no_zoom
4203	61089.0		570		no_zoom
4204	61105.7		570		no_zoom
4205	61122.3		570		no_zoom
4206	61139.0		570		no_zoom
4207	61155.7		570		no_zoom
4208	61172.3		570		no_zoom
4209	61189.0		570		no_zoom
4210	61205.7		570		no_zoom
4211	61222.3		570		no_zoom
4212	61239.0		570		no_zoom
4213	61255.7		570		no_zoom
4214	61272.3		570		no_zoom
4215	61289.0		570		no_zoom
4216	61305.7		570		no_zoom
4217	61322.3		570		no_zoom
4218	61339.0		570		no_zoom
4219	61355.7		554		no_zoom
4220	61372.3		576		not_comp
4221	61389.0		576		not_comp
4222	61405.7		620		not_comp
4223	61422.3		620		not_comp
4224	61439.0		670		not_comp
4225	61455.7		696		not_comp
4226	61472.3		696		not_comp
4227	61489.0		764		not_comp
4228	61505.7		764		not_comp
4229	61522.3		784		not_comp
4230	61539.0		784		not_comp
4231	61555.7		784		not_comp
4232	61572.3		860		not_comp
4233	61589.0		860		not_comp
4234	61605.7		898		not_comp
4235	61622.3		898		not_comp
4236	61639.0		898		not_comp
4237	61655.7		934		not_comp
4238	61672.3		970		not_comp
4239	61689.0		984		not_comp
4240	61705.7		984		not_comp
4241	61722.3		1014		not_comp
4242	61739.0		1026		not_comp
4243	61755.7		1026		not_comp
4244	61772.3		1026		not_comp
4245	61789.0		1046		not_comp
4246	61805.7		1064		not_comp
4247	61822.3		1076		not_comp
4248	61839.0		1076		not_comp
4249	61855.7		1086		not_comp
4250	61872.3		1086		not_comp
4251	61889.0		1086		not_comp
4252	61905.7		1096		not_comp
4253	61922.3		1096		not_comp
4254	61939.0		1102		not_comp
4255	61955.7		1102		not_comp
4256	61972.3		1102		not_comp
4257	61989.0		1096		not_comp
4258	62005.7		1096		not_comp
4259	62022.3		1084		not_comp
4260	62039.0		1084		not_comp
4261	62055.7		1066		not_comp
4262	62072.3		1056		not_comp
4263	62089.0		1056		not_comp
4264	62105.7		1046		not_comp
4265	62122.3		1046		not_comp
4266	62139.0		1038		not_comp
4267	62155.7		1014		not_comp
4268	62172.3		1014		not_comp
4269	62189.0		988		not_comp
4270	62205.7		972		not_comp
4271	62222.3		972		not_comp
4272	62239.0		922		not_comp
4273	62255.7		922		not_comp
4274	62272.3		886		not_comp
4275	62289.0		886		not_comp
4276	62305.7		852		not_comp
4277	62322.3		852		not_comp
4278	62339.0		852		not_comp
4279	62355.7		820		not_comp
4280	62372.3		802		not_comp
4281	62389.0		766		not_comp
4282	62405.7		766		not_comp
4283	62422.3		734		not_comp
4284	62439.0		718		not_comp
4285	62455.7		718		not_comp
4286	62472.3		686		not_comp
4287	62489.0		668		not_comp
4288	62505.7		668		not_comp
4289	62522.3		668		not_comp
4290	62539.0		640		not_comp
4291	62555.7		614		not_comp
4292	62572.3		614		not_comp
4293	62589.0		614		not_comp
4294	62605.7		592		not_comp
4295	62622.3		580		not_comp
4296	62639.0		558		not_comp
4297	62655.7		558		not_comp
4298	62672.3		540		not_comp
4299	62689.0		540		not_comp
4300	62705.7		540		no_zoom
4301	62722.3		540		no_zoom
4302	62739.0		540		no_zoom
4303	62755.7		540		no_zoom
4304	62772.3		540		no_zoom
4305	62789.0		540		no_zoom
4306	62805.7		540		no_zoom
4307	62822.3		540		no_zoom
4308	62839.0		540		no_zoom
4309	62855.7		540		no_zoom
4310	62872.3		540		no_zoom
4311	62889.0		540		no_zoom
4312	62905.7		540		no_zoom
4313	62922.3		540		no_zoom
4314	62939.0		540		no_zoom
4315	62955.7		540		no_zoom
4316	62972.3		540		no_zoom
4317	62989.0		540		no_zoom
4318	63005.7		540		no_zoom
4319	63022.3		540		no_zoom
4320	63039.0		558		not_comp
4321	63055.7		558		not_comp
4322	63072.3		650		not_comp
4323	63089.0		650		not_comp
4324	63105.7		724		not_comp
4325	63122.3		758		not_comp
4326	63139.0		758		not_comp
4327	63155.7		822		not_comp
4328	63172.3		822		not_comp
4329	63189.0		822		not_comp
4330	63205.7		876		not_comp
4331	63222.3		876		not_comp
4332	63239.0		940		not_comp
4333	63255.7		940		not_comp
4334	63272.3		984		not_comp
4335	63289.0		984		not_comp
4336	63305.7		984		not_comp
4337	63322.3		1028		not_comp
4338	63339.0		1028		not_comp
4339	63355.7		1068		not_comp
4340	63372.3		1080		not_comp
4341	63389.0		1080		not_comp
4342	63405.7		1096		not_comp
4343	63422.3		1096		not_comp
4344	63439.0		1098		not_comp
4345	63455.7		1096		not_comp
4346	63472.3		1092		not_comp
4347	63489.0		1092		not_comp
4348	63505.7		1086		not_comp
4349	63522.3		1050		not_comp
4350	63539.0		1050		not_comp
4351	63555.7		996		not_comp
4352	63572.3		996		not_comp
4353	63589.0		960		not_comp
4354	63605.7		960		not_comp
4355	63622.3		882		not_comp
4356	63639.0		882		not_comp
4357	63655.7		804		not_comp
4358	63672.3		804		not_comp
4359	63689.0		728		not_comp
4360	63705.7		704		not_comp
4361	63722.3		704		not_comp
4362	63739.0		686		not_comp
4363	63755.7		678		not_comp
4364	63772.3		678		not_comp
4365	63789.0		678		not_comp
4366	63805.7		678		not_comp
4367	63822.3		688		not_comp
4368	63839.0		696		not_comp
4369	63855.7		696		not_comp
4370	63872.3		728		not_comp
4371	63889.0		728		not_comp
4372	63905.7		728		not_comp
4373	63922.3		748		not_comp
4374	63939.0		766		not_comp
4375	63955.7		772		not_comp
4376	63972.3		772		not_comp
4377	63989.0		778		not_comp
4378	64005.7		778		not_comp
4379	64022.3		778		not_comp
4380	64039.0		780		not_comp
4381	64055.7		780		not_comp
4382	64072.3		780		not_comp
4383	64089.0		780		not_comp
4384	64105.7		780		not_comp
4385	64122.3		780		not_comp
4386	64139.0		780		not_comp
4387	64155.7		780		not_comp
4388	64172.3		780		not_comp
4389	64189.0		780		not_comp
4390	64205.7		778		not_comp
4391	64222.3		778		not_comp
4392	64239.0		778		not_comp
4393	64255.7		778		not_comp
4394	64272.3		778		not_comp
4395	64289.0		778		not_comp
4396	64305.7		778		not_comp
4397	64322.3		778		not_comp
4398	64339.0		778		not_comp
4399	64355.7		778		not_comp
4400	64372.3		778		not_comp
4401	64389.0		778		not_comp
4402	64405.7		778		not_comp
4403	64422.3		778		not_comp
4404	64439.0		778		not_comp
4405	64455.7		778		not_comp
4406	64472.3		778		not_comp
4407	64489.0		778		not_comp
4408	64505.7		778		not_comp
4409	64522.3		778		not_comp
4410	64539.0		778		not_comp
4411	64555.7		778		not_comp
4412	64572.3		778		not_comp
4413	64589.0		778		not_comp
4414	64605.7		778		not_comp
4415	64622.3		778		not_comp
4416	64639.0		778		not_comp
4417	64655.7		778		not_comp
4418	64672.3		778		not_comp
4419	64689.0		778		not_comp
4420	64705.7		778		not_comp
4421	64722.3		778		not_comp
4422	64739.0		778		not_comp
4423	64755.7		778		not_comp
4424	64772.3		778		not_comp
4425	64789.0		778		not_comp
4426	64805.7		778		not_comp
4427	64822.3		778		not_comp
4428	64839.0		778		not_comp
4429	64855.7		778		not_comp
4430	64872.3		778		not_comp
4431	64889.0		778		not_comp
4432	64905.7		778		not_comp
4433	64922.3		778		not_comp
4434	64939.0		778		not_comp
4435	64955.7		778		not_comp
4436	64972.3		778		not_comp
4437	64989.0		778		not_comp
